7974
9706
3518
8732
4736
4697
6274
9571
7031
7394
2415
7713
4038
9829
5364
399
225
5202
229
4796
1074
4713
9151
5949
7834
6363
5035
2853
1848
8452
2641
9821
8157
6159
4904
9244
7207
1177
8815
4237
4922
1229
8301
5311
7409
16
5709
7634
5218
2290
8781
2643
3354
4283
4944
1187
645
9978
4040
8844
8429
3032
5016
2938
5542
9919
8533
2748
7447
7347
3336
2368
4928
1637
7678
2336
1652
9739
6321
3221
8380
5101
5864
1733
9383
807
9272
6380
7136
9663
1575
1917
2694
6591
1206
4588
6509
9738
7335
3956
7085
671
2675
2012
8659
6705
699
310
6443
3372
9883
4822
4824
5746
2906
559
2904
2177
3290
6391
8191
4864
8307
885
1454
9512
1824
4315
5602
9158
4622
2686
6180
7296
1049
1190
4000
8099
7852
6794
1470
7734
7967
2646
9831
873
3204
9086
9401
2845
5476
7592
7708
135
4828
9162
9646
6651
9828
1599
2160
4449
4284
4692
8096
1684
2233
8448
9783
84
1593
1252
7817
9560
249
3999
6784
9804
3084
6184
2648
8560
127
356
8694
1306
5869
4691
4308
5696
6290
6468
6496
6925
7511
943
8609
9743
9390
8391
9827
983
5994
3995
6894
2595
7994
3677
2398
1077
6212
5046
5988
6339
5401
1033
7644
7621
2076
8304
9668
4717
4771
6163
7993
8633
3457
6601
4727
9199
1343
4553
181
3689
4900
3426
6283
9245
7102
8680
321
9665
77
2661
2355
1829
45
6351
9449
8472
4654
9116
3188
5776
1630
7533
4408
5087
4133
9134
4285
1828
39
817
5516
4938
594
8150
4182
4047
3181
854
3711
3258
9866
6066
5086
6263
2416
4535
4734
7069
2
4274
2844
7984
1806
3603
9422
2290
2736
58
4117
9126
874
5984
415
7819
4133
948
1865
3666
8154
5575
6923
8019
7992
2008
633
407
2894
5367
3827
9248
5992
3022
7231
7797
6624
6652
86
5712
6709
555
4837
3934
2890
5252
1752
7023
2551
3616
7040
704
5542
3962
5075
3534
5969
5707
292
5215
7425
4119
4462
3416
7140
1692
7564
3764
4695
4002
9475
1403
4556
663
1688
7445
2266
3439
819
4817
3406
7858
1872
8947
8171
6946
8832
492
9005
9124
5706
6429
3242
167
6197
381
8210
3760
496
2904
7761
6322
4306
8668
3337
5993
2465
5602
5783
9635
6770
9188
3845
8642
4486
2015
5587
3318
2506
4591
2441
4563
7372
5682
4729
3568
2414
2938
7327
9262
5841
1440
1935
6498
107
5271
8842
8923
7225
4624
8558
3994
163
8754
2635
1001
7120
4574
4318
9626
5516
6758
540
2887
8791
5269
2806
7556
4558
133
3169
6751
7924
5104
9600
4382
374
8442
3305
7598
9417
8214
7944
5932
6967
578
6932
4086
1503
7601
63
3371
710
603
2609
9500
2223
5415
3407
6780
1899
6576
9882
9822
1679
9482
4203
8404
4275
3859
2354
43
2072
297
2326
9038
7226
9257
9476
8729
3209
9538
8451
3918
6492
1059
9769
8714
6473
3176
1846
4723
6103
8079
4544
4133
7560
5099
2536
8186
8957
4889
4581
1029
1537
6906
6418
8763
2515
5893
3843
5723
1783
2293
9641
8274
3351
5761
3340
6176
5288
5185
7250
1390
3263
1794
1874
7175
3244
4410
1712
2200
5650
6292
9580
3539
9550
5998
2301
2064
8242
6143
4138
24
4787
130
4650
4489
5891
7989
7016
1178
9525
4266
8920
9139
2411
793
6313
5654
1554
4377
7853
3556
7020
3785
7094
6569
6134
5746
4984
4375
1888
9122
751
3026
9251
5400
7514
1493
9740
882
2671
9264
5147
7942
8402
7557
8734
1067
3210
288
1795
7414
195
8814
1198
7288
1735
7331
3033
6718
8058
1272
2191
8808
649
7794
559
8162
9286
298
5395
8308
9561
541
6249
4314
8097
1335
5380
7658
7974
3526
1424
8168
2340
2621
5455
4074
6304
4839
791
713
6110
2982
9520
6758
775
78
1271
6412
375
6666
4720
6287
3558
7320
600
8007
8654
2332
5664
6627
5857
7087
4794
4548
6060
6600
8621
8715
1438
5764
9427
3899
5097
8946
7008
2223
5375
8279
8634
2101
1296
9705
8387
1205
7025
5338
9211
5678
4021
1227
8657
6230
8313
3450
7129
724
50
5750
5790
7839
7865
5216
1738
9313
513
8745
1535
5887
3375
6520
4339
1022
2577
9077
2227
9601
4415
7789
1630
4787
9015
286
7368
3680
88
4497
755
6489
6598
6545
4327
4462
1760
2416
3774
8625
1161
1660
4511
887
4531
5202
1909
7107
4278
487
6707
5044
8275
4689
6183
3642
1326
3550
7321
1413
8046
8075
4253
995
971
8580
1808
2731
995
5581
1355
8507
3592
2217
5746
8123
7418
7654
5229
8048
4492
8288
3091
9118
9328
9273
2759
653
9175
6431
8418
3572
858
2670
4567
1828
7601
6374
910
4948
8307
8616
9806
1898
833
5551
6372
4602
9556
7953
9001
399
2592
2092
9517
1919
7716
8627
8923
6890
1410
7340
6814
8619
6362
1380
446
314
4105
7708
1613
2411
6323
1419
661
7155
3321
3384
8109
2877
1336
7109
3275
3927
5552
9143
2197
3268
4122
1120
6509
5531
4811
3322
4149
7524
1053
946
4190
5158
8653
5802
3920
4976
3572
4580
8482
6893
4316
6590
6121
5651
51
5747
5930
5602
4890
8126
5221
9011
5597
1730
893
6760
1403
1393
4283
8808
2338
8472
3965
7343
626
7884
2318
4197
8816
7151
1089
3131
3741
3561
5133
143
9308
7414
5744
4197
1892
965
9559
7488
9046
6803
4247
6800
8195
4882
5607
6884
9705
9571
4226
330
3807
2895
4527
8974
46
1967
8456
138
5528
3588
280
1187
1002
2375
1735
2893
3339
1293
6732
8736
4447
7331
5536
2641
2212
7494
5876
8268
3417
102
8598
7223
9348
9476
2548
9393
1442
1003
5882
3321
942
6161
859
1943
4888
2593
1187
4578
237
4271
3314
4683
1601
5201
3675
164
2694
9551
8431
6110
6004
7028
9684
5351
2855
8583
1096
4297
9585
6977
3969
527
9490
4828
8821
4377
3772
6360
8954
4009
630
2267
8691
8582
3819
2366
8745
2865
8268
7175
5326
4271
555
1362
9621
3409
9944
716
4057
9529
4045
4378
6407
3534
5557
1579
7910
9328
7938
6863
3336
4919
5482
8379
3500
9300
744
8596
8516
5363
5771
3842
9633
2677
5203
9253
2437
5146
6321
6494
1026
365
7223
3784
3898
2779
5363
8159
2106
9652
5021
1794
4571
6854
172
4422
2506
7267
3018
1021
2629
5140
4862
2261
4168
64
7865
6604
1562
537
9449
2587
901
6671
6371
1150
5801
8085
9308
4259
7736
681
6052
8658
7534
6223
3080
39
3489
2449
1060
6117
3940
2273
8377
8107
8689
2593
1062
250
3130
511
9188
382
3533
5558
1532
5686
9994
7191
9944
7730
7871
5995
2739
1757
2217
2170
8147
2057
4618
5558
8173
4909
7831
2901
3015
6519
1845
4077
6768
4974
939
5955
5356
823
7865
3239
6508
7858
429
6451
1939
4652
8797
4678
2760
1013
6847
906
9421
7817
6464
7593
2725
646
6845
5740
7164
8690
6168
283
15
3458
2589
1722
4280
453
4960
7140
4663
1741
3590
6601
6392
2387
7630
5503
9751
829
6408
9172
8645
9223
3116
1369
9868
6313
3460
3383
1354
5979
3665
1368
5788
6254
9442
68
3058
4401
3559
4072
2493
7148
7025
5236
5886
4654
738
1989
5482
7146
1160
478
2720
627
8199
2588
3291
1658
5970
4644
3989
5987
2364
9776
2240
1805
6195
1649
2557
9753
5721
5050
3253
9097
285
9138
102
1023
1126
5584
4520
8637
2413
7239
5616
611
6178
8906
8621
8500
9902
2609
4486
8617
8736
3077
421
4931
4725
9329
1035
6797
4378
4287
2245
1015
9777
2347
8389
7254
4282
9260
5891
6694
2850
7858
7305
9028
3115
5925
7527
9368
4885
8364
7984
9972
1440
4756
4902
2516
4085
2289
5665
4814
6575
7909
2180
6351
255
568
3605
4536
9827
5847
1230
2677
56
4886
8056
3170
810
1934
2538
2046
297
6873
2017
8088
1629
3271
603
5713
5559
6267
6878
8485
4176
9058
1188
4430
9625
4792
8966
5804
6990
6547
4832
3397
1432
2887
2918
8593
1172
1807
638
1468
8680
9006
5907
308
8628
6509
2372
538
9128
9249
9023
3303
8306
210
4084
4283
1353
9401
86
4694
5947
1269
8090
7378
4155
7359
2322
5326
9166
2959
3145
7845
8317
9051
8152
3296
1911
523
3834
1038
6123
9208
692
4429
9417
4776
5063
7121
4176
1500
8166
6475
2768
2607
3852
6922
9965
2526
8599
9130
5484
8095
6974
152
3497
1477
3448
5407
8351
3633
2797
4474
2840
3488
5254
2256
4615
316
5728
5143
1815
3893
1617
4582
6499
1820
7855
2815
4345
2805
1945
6181
7251
5270
2684
747
6747
6131
2505
5097
9763
1653
5922
2602
1493
1175
1209
6107
7842
3288
1249
6008
3532
9217
6941
6382
1037
1147
9197
1733
3951
1141
7913
7553
6410
597
4651
9508
3079
7156
957
2842
5160
6878
1795
6652
4405
9356
9111
8598
2643
359
4606
6175
5928
1546
2556
6964
2693
8104
8696
2995
9244
2961
548
2006
3557
5198
7865
6635
8705
8821
5828
3865
2051
3975
6868
2807
3330
5978
7756
2324
2689
2361
4850
8616
259
3758
5579
9303
1861
626
2297
7457
3586
9196
5814
3494
746
3678
6481
9450
8851
8660
9666
7253
2634
2886
6411
2315
8863
4166
991
1551
2879
5840
166
3137
5949
2096
2439
7810
9074
1087
5266
9011
6635
1079
2505
7380
1108
8985
3181
6310
7644
9199
3562
6630
2084
6324
8944
7298
490
6286
8849
3368
2126
5366
2856
8074
3814
1646
2235
2887
9084
3852
1897
5718
1282
4401
3097
2390
9737
2630
8699
3733
1828
8613
362
263
4936
5657
7560
1777
1943
2760
1496
420
8126
4351
4845
1939
2348
7080
1177
1432
931
3073
7149
8565
3826
6598
954
9914
5579
6004
3646
3758
968
359
4020
5904
6016
1579
4032
4310
4339
5528
4729
8816
6230
5925
7106
8578
9356
8282
9
6639
7706
3509
5203
1531
6458
6156
7797
2036
8511
7794
5793
9479
8153
6164
1734
520
7743
5765
4829
8433
1292
5909
7248
7522
8185
705
2451
7541
8986
8811
4179
6691
2319
9381
4574
5129
1888
8722
3516
6750
6515
5661
6228
4667
1824
4313
5186
5918
78
6366
702
7721
8626
7949
1594
3163
5005
4044
703
3990
9206
1233
7033
7877
613
7958
3005
8852
6679
2872
5601
3193
8532
8181
7860
6708
2493
9397
2625
8922
2115
3327
2995
7092
7627
940
254
2632
4984
956
2973
541
2188
5
8417
9152
7962
1421
4355
992
4293
9956
4185
9176
4488
8396
5883
3332
7792
8508
8606
6258
8186
1600
3350
5812
2539
9955
4795
3874
7263
7768
4415
5802
4124
2831
4954
8438
604
9308
9429
1248
5615
3613
423
102
8360
6306
9786
6152
1165
8391
8761
9350
9990
8462
1513
8880
8417
6308
9106
5679
427
9872
1480
4550
2702
2785
2987
9657
8445
8768
904
411
8732
7679
6865
7092
3984
6650
3243
1500
5040
8355
7201
1381
6817
8713
260
5233
1372
9365
7263
1798
5588
5094
2700
8290
4231
2038
4298
2675
805
5202
3085
9537
9232
9949
6628
9567
6598
6222
1066
7989
4576
8266
9369
7744
3330
9629
9328
1054
5345
6590
2851
933
8036
1902
5574
2266
3940
6223
4940
4744
7776
4376
4280
7007
4325
7259
6573
7274
3480
7638
5263
4408
2255
983
2151
1937
611
1479
2990
2308
4420
2192
9592
2455
4094
1517
4720
8033
7739
6011
9128
1867
6739
9760
8873
7415
7018
5446
4688
498
9435
6302
1257
8042
7285
3407
9978
4247
1237
9319
2906
5657
1510
8849
4463
5603
6717
5535
9987
808
1545
9115
2674
8283
8874
1546
5697
5891
3343
6737
2740
9130
9390
3996
3523
6674
3755
9852
7273
4991
9170
6530
647
679
5379
1462
2634
2095
6996
2620
2902
4892
8086
5575
9527
6959
3473
1575
9202
3167
4663
1941
8648
4053
2289
2170
7078
6043
2021
702
1033
1190
7232
8032
8221
2610
9493
854
4704
2840
9825
3958
7731
7911
5884
3609
4869
9356
5184
422
8875
9846
2363
7522
250
1003
9692
7328
7045
8064
8029
4429
5606
5260
2460
3826
4221
8304
1031
5277
1143
855
9234
8874
5117
5117
2482
6338
825
4017
6759
9699
215
5473
7220
464
6475
3263
7791
3519
1327
2172
4300
6932
3783
6759
7109
4356
5063
8139
9632
6205
5345
5217
1430
462
6685
264
6799
7509
4280
3557
3559
4494
9030
7131
1310
1856
393
5452
1727
1719
3975
6026
5002
7758
2784
2110
2113
4198
248
8096
6755
1945
3312
8184
2406
9996
4799
5556
3857
5431
5464
3767
6276
845
897
7585
2701
1290
3037
4427
9360
7011
6804
714
1120
9587
2823
9584
137
9423
7679
6891
1367
7342
1426
124
3690
6225
5679
3898
1655
7494
7664
7930
8339
8561
5515
1039
6202
4903
1817
1913
1913
8620
2626
9385
4558
5449
8968
1046
1223
6647
7936
2589
340
9362
9064
4029
5586
1094
7926
7240
8587
5590
1521
6925
502
3387
4315
3055
8289
2483
4967
6554
7454
3945
5938
2012
5745
4905
3057
6967
7903
7345
5907
8243
6706
4970
8623
8643
2415
6549
2234
1001
8490
106
4278
5343
3493
8592
8397
1781
1075
9715
8334
8528
3659
4271
6891
9403
5528
6300
6369
9782
3644
8627
4376
6701
9948
2999
1695
2362
9547
280
3363
4388
385
3992
9730
3877
2583
8126
5658
9
7840
343
4889
1499
966
1779
7253
6493
4430
9974
2626
4425
8600
7002
7477
8548
10000
9171
7261
5898
9450
6975
285
6187
966
6366
63
9901
4491
2072
9909
8682
2415
4797
6532
3380
2928
3785
6224
7357
110
8849
1782
8709
5850
9258
3608
2201
4781
7221
8098
582
4195
4734
6768
1513
7451
3183
1413
1941
5254
1321
6975
7668
2470
9858
7399
5397
9994
3622
9105
103
8823
886
5164
4672
6496
5123
3225
7628
2343
7674
8209
2890
8760
1329
4402
6210
863
5814
4503
6116
3486
1477
136
5955
7686
7534
7703
7680
7508
6808
7782
6330
7693
2945
7353
540
4420
577
8167
6762
4603
2728
9651
3362
408
4052
5923
1270
6217
425
3737
9703
8253
3872
5657
5939
7758
3360
3618
5265
6519
7751
7946
563
7048
5298
1103
1467
2227
5621
4580
3181
4700
4231
6542
5107
4634
2464
2728
851
9241
6465
6905
7493
6688
2561
9783
797
2272
9752
2413
5142
7503
358
5705
902
2008
6807
8720
586
8779
3299
3766
3479
3881
6659
4937
8515
5474
4017
5717
4714
6833
2621
8559
3520
1533
8341
669
157
8093
3081
5298
1947
3439
1002
9200
5446
4160
7919
6031
9291
1217
6148
2769
1450
2806
4057
9964
8279
4425
2032
2993
1257
1004
7903
1129
2536
6243
1797
9044
687
4877
4342
8985
4667
1695
8184
6464
2207
6102
8846
1497
3671
4993
617
5120
7798
4673
1435
2429
5450
9818
5421
6706
821
9675
4186
3356
5917
5982
2400
2956
7211
3093
1940
8229
4787
124
4693
6993
6225
3538
4841
6247
8531
5457
7718
2680
6482
9152
5108
1931
8969
6880
4988
9789
6554
9174
9497
8823
1507
8248
1778
8717
1340
3717
6946
2478
3840
7990
5823
6417
1527
663
9015
6409
2472
6733
9089
8953
5884
548
883
1205
7428
5870
7345
333
5043
6841
9155
6550
1440
932
1618
2779
1001
4915
1609
4840
2904
3783
7608
4431
4445
6623
7191
6916
3355
2631
2220
5590
3179
3102
6794
6958
5324
491
7290
6718
7331
2797
3267
5123
80
1237
7901
1080
6151
5861
2272
5407
9643
9879
6189
440
2853
3379
3707
2559
6010
5927
8149
9188
9028
1294
2497
703
1784
6138
7421
5467
8934
7039
589
9014
8275
4841
6445
778
7054
8716
6184
6696
4947
8724
7135
4151
2102
842
6710
4463
6768
1210
2
2147
8855
2498
2850
639
8636
6622
2457
7569
3660
9397
2934
8287
589
9379
5416
7642
4446
7951
690
9392
6674
7824
3543
8775
5017
6604
9590
8136
7813
9591
6635
6667
2089
9484
3657
724
2457
2465
4644
6116
1861
3930
754
8802
3308
6169
2795
7753
4119
3484
3497
792
7660
7039
5919
9028
3642
5508
7164
7806
5098
3798
4472
3538
9633
8129
613
2089
593
1609
4556
8806
5538
5310
3959
8845
1478
6753
2949
1949
237
6445
9092
4248
9835
1362
3275
9828
3221
438
7633
4671
587
2105
8208
219
6585
5173
8659
7177
6781
3215
2334
2318
8524
6292
7514
6353
3045
462
4653
9633
3259
97
232
3093
1458
3506
9273
4679
296
6905
9349
882
5361
3908
7453
1945
9080
6111
5474
2212
5677
7807
4529
4200
451
2042
6905
9847
8856
1557
5831
8466
1653
6062
7910
9463
5919
7182
493
2566
439
9841
9800
5799
100
7252
7744
5532
9714
9569
7743
5391
3727
2272
5942
4177
665
2846
375
5872
755
6205
4337
8759
8618
2247
4573
4537
5780
5065
3454
6218
1257
3253
2017
1357
504
6112
3240
6570
5680
982
1960
9406
9605
4253
9935
6622
7099
309
2493
4205
2866
3182
9315
1483
5428
3888
2371
7559
8952
5825
3777
6561
9077
5793
7917
5933
8256
1156
8854
3935
8489
813
9692
8094
1417
5978
4715
8515
6287
3559
9071
5504
6740
8386
6986
8519
8625
5709
6078
3928
7885
9854
488
3313
1998
4756
9245
253
2263
4450
539
752
5262
230
5197
6679
6208
6263
1545
8846
9821
6968
701
6561
1705
7686
5079
329
9746
1156
608
7630
7361
1096
943
9358
2203
6539
9610
4466
989
148
1569
2602
6730
3117
5632
9289
9379
3529
4486
5551
496
5186
8463
8552
9223
9894
8880
8969
7401
5839
2950
4762
3286
244
4119
5489
6783
81
6306
4123
6580
4226
6724
3309
7342
8708
8949
3072
2236
3434
4974
9083
4971
3437
7634
4194
9682
2865
9514
7082
8703
8815
8195
1989
9059
8666
3829
5841
8746
134
6315
1677
711
9390
4986
8052
8097
286
7475
332
72
2448
5766
5042
2236
3399
9235
1917
2615
5100
5351
1318
3915
3545
9658
2973
2210
3486
5165
7307
9971
1479
8984
7033
868
321
5084
5317
606
8910
2000
677
1357
7766
2071
9945
7516
7657
8213
131
2757
3563
1448
6671
7108
7457
5995
5669
7294
1159
9328
7264
8989
8311
4296
6208
4983
5731
1524
5588
992
3524
2617
8700
7641
4687
8644
5156
2343
6857
5286
1451
6771
6733
4473
230
4189
467
5899
1482
7977
5226
5097
3317
9888
5744
9525
4870
7826
7400
6809
8817
923
5777
7517
8563
6815
2512
3719
5510
9368
5356
6960
2491
2089
1433
2720
2629
1899
8618
463
6228
195
1911
9544
6434
4007
9068
1303
8184
6468
4464
7001
3742
240
869
8657
7055
3380
8727
2564
9100
4082
5875
1590
2522
7307
4309
1503
5558
9279
1965
1785
5825
227
7680
2259
4233
6748
9913
2417
9567
4376
5769
9660
968
2989
4668
4374
2720
9746
6937
1819
3828
9163
9760
2701
6470
421
4203
8379
6051
2519
6515
1875
2746
4194
485
3330
7293
398
2098
3211
1125
7866
9223
8444
7206
3890
2817
9926
9988
6105
1744
167
5268
7856
2867
8089
4628
7070
6467
678
5940
9333
8904
8685
3526
9389
8367
7171
6138
464
381
3614
4682
5955
2058
1887
6197
4874
1812
6184
7331
9908
6350
2598
7763
9216
686
2390
2637
3504
9419
8577
2836
8322
3613
2713
7710
1979
9883
199
2443
6616
3813
7124
2570
2222
5362
5118
7095
7174
1301
777
7081
4002
3374
1195
3218
411
3584
2206
266
9354
782
3101
7675
747
2166
1737
2725
8400
1935
1519
5015
2099
4994
3937
4320
356
5406
7767
7529
6707
8543
4609
708
8269
5803
277
5031
5738
2483
5297
5091
9616
4749
9117
362
6914
853
9439
1666
9140
957
3032
1238
5951
3320
1910
6306
8726
9676
3834
5432
4570
4794
2491
9190
6948
9120
4221
9037
1602
9517
4127
7569
617
9595
4283
3883
448
3721
5548
5939
1029
8579
3528
6979
1899
5437
9636
624
1464
9821
2407
2386
4614
1249
1575
7913
368
2147
6949
8321
8015
7427
2242
8632
7022
6524
2514
3821
6596
4413
6111
7624
9343
9638
955
7593
1427
590
4568
9242
411
6974
1627
5024
4575
9554
9289
1294
1700
6237
9615
9715
16
8208
8346
7037
4731
7211
7209
7678
7975
3319
5301
7317
2956
6255
4910
734
6845
9477
9976
3607
2803
1602
4982
3729
1155
4270
5022
2855
507
988
2569
522
9195
7266
3910
3925
4476
7470
7954
2450
788
3255
6118
95
5861
1027
829
9057
6856
804
2663
6010
2405
7645
9738
9912
1914
4759
2766
8772
5747
1686
5645
4941
8951
5906
5218
3426
3375
3171
2227
4162
2777
8344
4257
4990
5723
5085
4046
8930
2240
6709
4939
4644
705
4676
4555
8970
9434
3672
7742
1532
5357
9738
6473
4307
5644
8042
4084
5370
7564
6310
5884
341
1006
140
1682
3080
1576
5727
2009
167
8787
6947
4810
5843
1622
5717
4813
7407
9388
8906
8939
1097
8643
1763
5403
638
6156
5839
2360
3719
2148
8243
411
9505
4734
2092
2584
2661
4171
4592
2827
9309
7890
7636
5152
9511
9704
9964
3270
5444
8869
8560
6540
3863
6674
8294
853
2829
4132
9564
2899
2632
7806
9662
2136
2539
8105
1072
5199
2275
2015
4377
7936
9905
8364
3087
5767
8068
3050
9036
3511
8270
3947
6402
8484
620
4695
5688
9800
8827
5251
2699
1458
9408
8712
9945
1946
6816
1016
3496
5443
3031
7872
3378
9287
6236
6464
5053
655
5865
441
517
486
4387
6918
5321
1359
1612
7361
1158
438
2611
208
8247
8371
8919
8192
6668
2087
5559
164
7529
4941
4387
7258
4227
6974
73
5632
3980
2289
2424
4496
2774
3162
1413
4446
4520
9377
1806
2030
6166
769
2237
4413
9139
7508
8956
5806
9594
866
2321
3474
5807
3060
7083
6385
6385
7155
8368
365
9443
791
1212
8568
3953
2625
3013
4824
2001
4819
3205
4518
5587
1794
8930
1077
9301
4237
3234
5246
5103
5555
5071
7261
4966
2153
9997
1350
9307
8365
8066
5101
5507
9278
3668
5811
1902
6680
635
254
7850
3839
4771
9788
5632
53
864
1284
641
4098
2881
2095
6004
7951
9355
969
6455
5704
2318
5761
4068
384
7213
9574
6013
880
5385
7914
7560
2371
4519
5409
2561
5641
1549
4545
2045
2412
2180
2686
2861
5061
1132
8864
9363
6839
9832
5818
2542
8502
7930
2961
5237
5143
2534
1249
6022
4270
5514
9933
2992
6384
1694
1905
2024
3242
6449
421
2005
4980
9458
4866
40
589
81
5755
7427
6265
1572
9968
1118
5853
2928
6354
995
1814
3954
3369
2435
5819
9653
5427
2202
1346
7331
577
939
131
997
2944
5110
454
4161
1502
1043
4241
7256
4821
505
5179
4789
1622
1031
4068
4327
2026
2233
8280
1746
4668
4098
1398
6446
2651
2744
128
3228
34
258
4224
2977
1719
1030
7137
3220
8424
1378
6827
3244
8234
2005
4384
6208
3036
8452
6886
1413
684
5166
3158
5351
5615
907
8148
4618
2
8275
7845
36
8532
8420
3012
6603
9449
6501
6174
7872
4230
3001
7468
2463
5005
1851
5022
8040
302
1908
5804
7338
3425
5313
9040
5391
6220
7188
8
6221
5462
7852
6256
346
2624
5620
6948
2072
2120
3121
6296
6349
2473
3763
5163
7478
5613
185
1869
2267
2092
7673
5956
1868
2985
4995
7258
5556
2182
7266
1777
3996
1469
4384
693
4092
6355
3992
6164
4826
3464
8811
1174
5937
2573
2689
3414
4537
9225
1634
3155
1316
5658
9110
9535
8643
457
6792
550
8990
4057
8678
2985
5526
3062
3677
9617
5768
7668
2132
594
7484
942
8119
3420
9866
807
3185
755
31
4818
3909
7698
476
9371
7232
5470
9827
376
6019
8816
4432
4697
8153
9957
4110
8181
5926
9877
2201
8057
470
9684
5351
4941
3103
5216
2099
6287
5970
2130
1104
6231
6179
7931
1953
9763
3400
1779
138
5771
6946
921
467
5098
7230
4576
9631
3155
804
1831
7563
7626
1514
2913
2566
968
4481
4664
7254
6802
3145
4709
9384
5676
2640
1336
1790
2391
9466
8279
8161
6412
9199
4979
7861
6428
5906
7491
5934
6710
9321
3497
687
7186
2761
9604
8153
3593
619
1758
395
3764
2819
9778
5791
5458
7466
3932
4200
6931
2210
8713
3342
1408
3691
7555
4188
9597
5045
121
2658
718
9969
3344
7903
2730
2947
2408
6322
3565
517
3068
3680
3335
9198
5822
5144
6663
9753
9344
3593
1962
8056
3287
3370
8098
7193
7557
7694
2237
4029
351
9306
3998
46
3561
3079
2992
5968
5752
2909
2836
8820
6588
6171
8017
2410
1314
1031
2162
7009
975
476
1416
613
3845
9514
7805
7753
7207
42
8133
3910
5699
2130
3955
9259
5208
3299
1578
960
2559
4414
6131
9146
584
499
7907
8249
1529
6421
5258
2503
6896
6673
3116
7092
6186
920
1196
9745
7313
9328
6
9364
7810
312
8622
9369
3610
200
6680
6168
4613
2810
1666
1548
3308
5924
9796
4836
2344
5053
3691
5591
8078
3158
9034
4263
429
229
4007
4094
5909
364
3457
3718
676
2078
9438
637
8629
6118
6805
9593
8927
4822
1140
8587
745
7288
9774
9441
8692
3464
1383
6769
2973
417
1032
3402
6997
1390
7495
9257
1754
7303
9326
8781
5732
8764
9417
4361
4881
2573
305
159
7394
7797
8745
4491
5084
8519
283
3775
8334
1665
544
1307
8433
7927
1060
1782
5668
4906
1038
7421
2208
364
6201
7939
5479
1970
2299
359
4542
8956
517
1936
6752
5614
2778
1835
4132
9412
1961
8817
1076
8856
123
5861
6782
7534
7642
2450
2439
5031
6222
4646
5394
8775
2585
872
744
1235
7582
1637
190
4451
9924
6941
64
2701
5127
4195
2112
7088
9363
9540
5943
5838
1752
9077
3371
5745
7878
5810
775
4099
6807
2521
9225
9391
9744
6320
6978
7326
7957
3519
1776
7880
460
8191
6933
1938
8737
5396
9025
8099
1287
1320
3936
3038
6748
3659
8782
4625
9468
9557
5075
2626
8429
652
8369
8172
6971
5346
1849
1279
8864
9976
9159
5675
8166
2443
7613
6902
7838
2989
5001
9125
660
5288
8514
7407
8946
7296
8383
4765
3204
3458
7391
1632
4109
5759
6155
7431
1104
8004
8710
6319
7979
4220
1994
6145
6662
5958
3046
851
5298
4398
6327
5958
9686
4841
9716
8631
2136
8099
9748
1691
7908
7138
9674
2016
2896
5828
5798
351
183
859
6669
8162
5078
5014
658
8091
7323
55
5294
2621
805
1620
4930
490
6460
4645
5472
4947
2743
5219
2989
650
8708
2662
9017
1603
4842
1167
1953
5024
2025
4974
9537
3455
9987
194
1545
7310
6601
3190
6282
7405
4810
1211
4246
7621
5855
6069
8920
4950
7640
1908
1951
6347
4570
7320
4302
5763
8486
6254
786
510
7579
323
3964
7566
6868
1861
1227
9820
5050
7508
7224
6211
8718
7821
3832
924
3890
2751
5873
1529
1010
7824
4227
5579
5143
8528
1341
3628
1134
8479
489
8712
5153
805
6277
8372
9017
3855
8192
418
1362
1767
6629
6431
9588
6812
7355
9829
5914
3227
7709
6923
7402
1935
8854
2544
463
6546
2523
1596
1376
9364
6659
6528
6520
9288
4900
5536
3142
9443
5953
856
1209
8933
3638
7148
2096
992
6976
8009
571
4684
1284
7972
2971
137
6868
3433
3034
5742
1380
4410
1457
8038
7289
7976
7325
8540
3511
6819
7982
5816
7674
5543
4748
1311
9042
6844
8655
6018
1204
9225
7053
2487
3548
6375
8975
6767
6159
2009
8861
7538
6418
317
1928
58
8293
5604
8598
1803
2422
6579
7618
6447
8473
8718
4110
7515
5561
2764
9884
3116
8340
3288
5603
8239
9663
4577
5006
5821
6585
218
9711
9354
534
1638
9412
8826
3593
4361
6981
2367
939
950
8813
9412
6019
9274
3278
1579
8389
3161
4695
6728
6448
6649
4967
6110
1225
6324
1931
4162
6541
7993
9867
3426
5982
5630
8604
9574
9990
5584
1940
7281
2885
7105
3044
8904
2730
6321
6834
1119
9481
7880
7846
2280
880
9164
8390
2105
1839
6672
2618
4731
1016
8836
8157
6997
818
6760
6570
7159
8695
4862
4439
7931
8318
7482
6834
1047
154
20
2165
5986
4251
6363
8266
5131
1878
3007
3587
3717
6030
6204
4799
7045
1391
2955
4041
2208
6066
610
9367
4760
1823
157
9043
140
3991
2228
7539
4144
2247
9703
130
6498
2417
8395
1628
4295
7753
5214
4363
3782
7769
9161
826
5511
2116
4866
7719
4533
1827
3437
5645
3650
3593
4687
141
7583
6914
7679
8079
5513
3734
8208
2010
2502
2954
9989
6796
706
1554
1158
4487
5674
6671
5312
1184
5138
6529
8902
9670
8355
8690
5314
8356
8635
6352
8497
2569
3266
2527
647
8778
2612
5206
7139
5114
8159
3479
8261
5216
5032
5771
6054
705
2441
1365
1888
7578
4245
7142
3599
8952
2183
8913
7307
817
1616
2155
9738
1233
4682
384
6362
3645
1942
3500
8758
100
3330
7019
1668
8361
2789
7721
5417
5229
5438
3657
9158
9682
7150
2756
8633
9332
8020
2292
6501
9636
4446
6238
7220
5479
6621
3582
5476
8562
3433
4233
5014
6763
7603
3033
1475
391
753
6892
1971
6190
548
1128
2224
7697
236
7208
3380
8255
5851
9880
4242
297
6117
1462
2127
9090
5043
7602
7651
4827
8187
9016
1589
5789
2048
3064
2532
9153
6307
4502
1694
3206
1982
269
7254
2217
7477
633
6823
3327
6865
1065
9975
2981
8878
8454
2070
3920
2407
6073
8746
593
1440
6687
6382
3488
6102
8913
8992
8760
9766
685
1965
1747
954
5570
315
4782
6202
7138
4460
3066
4554
4435
2399
3431
9240
4468
7350
1646
6892
2447
2239
8332
5485
4972
8171
1586
236
7162
345
1
7846
8661
8100
5151
4230
8414
6284
6784
