8153
5165
2955
3404
3253
7600
6917
7081
3293
5158
4223
6421
1515
8546
1967
3036
117
6958
2938
5120
7962
1783
1865
9880
4717
8849
4981
6112
2404
5826
8984
6909
7342
1939
6664
6946
5890
3581
4026
5534
5090
4601
1954
2956
3146
3920
5992
9614
7229
5281
4733
5190
7064
2950
1422
1780
8150
6402
4243
6906
8580
3227
3814
5921
1517
6829
2867
7406
409
3244
2939
1850
7844
4892
4806
7341
5163
7149
6955
2391
8781
8039
3933
5844
7340
5354
7624
1842
8107
8218
8747
6686
1444
8912
2607
2960
5740
1825
6717
2501
5068
9655
4350
9264
898
5507
6604
2412
9007
9910
4803
7788
4301
5087
9983
1640
6792
3958
3481
4898
2176
8579
1584
9971
7490
542
9283
3230
2366
5999
2082
7433
2006
2783
6696
2903
8290
9652
5315
3648
5913
6469
7787
213
7907
7770
8205
4698
1727
8037
9595
254
6616
1178
225
457
1719
9507
38
4084
5505
2119
7869
7510
4902
916
6765
3191
6919
8431
3190
2832
4899
977
9396
9157
8746
7600
3854
6824
1989
3448
7078
8604
978
3654
9060
2696
3160
9098
3132
5016
7568
7352
8878
2469
4619
1994
2011
1538
424
5201
721
1674
6177
116
830
1274
4068
4683
4449
6056
8130
7878
1011
9107
1531
6422
8155
1042
1871
7638
2410
9439
4989
1287
1907
9607
3280
3918
7496
55
5470
8216
1728
7998
4684
2557
5623
8751
3591
71
1158
8072
4301
2168
3531
2183
8589
8037
9577
6812
5674
1986
6250
7014
9624
8156
2972
9255
8425
468
9309
3894
5035
1036
8243
9718
9944
3865
4820
9886
288
5977
7957
4588
4496
1487
3122
3085
5875
2698
9896
1548
4683
2497
4913
658
7004
7885
9912
5429
4704
9220
5674
6090
6607
3917
5808
2902
4133
6979
2787
4420
2956
744
5359
7451
8582
4833
6887
4457
7530
3134
2356
8565
5630
7269
9222
2634
1505
5486
4414
6208
4705
6439
8649
1312
6707
4456
565
840
7787
3352
1611
742
447
3322
4544
9028
8154
7783
9836
5683
916
2192
599
2898
5812
9821
1883
7316
5306
2648
9875
6362
9086
8523
4025
5793
9331
4590
2984
7117
7941
4594
4210
8387
4267
8753
3766
2420
6535
9954
4455
3803
8497
5053
6700
4308
1225
4934
7975
2882
7581
4201
9244
6666
2723
9620
8810
8405
4209
1793
1873
8501
2739
6082
3239
7005
1187
3357
5777
7721
3310
231
7875
1806
1635
926
6113
2860
5859
439
5741
3439
4639
1336
6457
7361
7308
1618
2118
7868
3411
3990
6369
2501
72
5959
5857
1258
9315
1633
5330
2624
1863
3205
4429
9850
482
6893
2709
6341
3683
4801
6131
8321
2489
8939
2034
9796
557
4151
7663
319
4492
383
2819
915
2694
8675
8524
2008
308
3854
4632
8522
3410
5412
8371
3891
8657
7431
6583
2339
8584
9066
7012
1072
8004
9045
7219
8560
9547
1233
5230
4038
7968
8048
4953
661
3075
3476
2668
9734
3681
3651
8255
3442
5415
2978
7333
423
6760
267
9113
5343
9332
6124
2766
3688
1520
9984
8599
1066
7569
3829
1456
5536
8228
6408
2548
1302
6235
5215
1035
9916
5218
5642
9709
6984
4971
7041
7406
1730
3660
2870
3425
2991
8994
6190
3030
6865
2526
1629
7931
6446
5457
9386
1981
3684
2145
880
4986
4731
6094
2372
4646
7663
8013
4355
4646
9335
7747
8403
1065
7758
1273
841
7101
6618
7030
130
3482
5907
1758
7764
2352
7214
3501
684
7250
5645
1563
2235
376
7657
4606
1373
1671
8971
2079
6317
8305
6178
1071
5721
287
2343
6561
7387
5312
9943
7517
8794
5849
5626
2909
8201
9192
6410
8884
6441
8406
447
5027
5133
4455
5984
6506
6125
4954
4936
8793
9611
7465
6216
5331
7752
4910
8244
1490
222
8186
5358
5367
386
984
8275
8586
6527
4684
3822
2967
3090
620
7993
8222
5074
3976
1079
7550
5282
2367
2695
4892
6183
8910
6574
286
3819
1169
1776
4040
5706
3485
9406
6092
820
7681
4677
7346
8716
4850
312
1805
5469
4656
6379
542
8632
3809
4444
3913
6175
7138
5156
2358
6047
8081
8995
6217
9250
7122
6609
4955
607
6014
1046
1426
46
2075
8772
8762
6924
5435
6918
8745
91
9648
5638
5074
3457
81
8986
5983
7218
493
4692
9616
8573
3687
2185
4174
808
8793
9129
1414
1158
6526
9192
1204
4952
4315
6317
8228
9749
9586
6972
6191
5586
2609
1264
9042
9042
249
5024
2611
7093
6068
2227
2018
9754
763
6191
6913
9555
1671
4679
712
4549
3870
8267
9500
8184
4583
7727
4284
521
1050
475
6106
11
1738
1499
9052
8339
2874
1662
5431
8941
240
3800
5046
1002
9991
1959
556
1661
2989
7620
6209
3210
5886
2061
7745
6821
6139
2028
3693
7189
8854
9798
7199
6944
7648
2602
5282
521
4263
7064
5814
855
864
859
1856
7206
9169
8764
8866
2157
2735
1427
5366
8620
3487
3110
1792
9625
1490
5484
3165
343
1633
6715
7286
9280
9316
8919
6153
9931
2335
1966
785
9550
2824
8992
6755
8345
7755
1972
501
489
3398
2219
5461
3236
1680
3604
9213
9521
9088
8729
9864
7072
5444
3501
2704
1111
8772
8856
1041
1106
821
8177
7007
9996
7169
3761
8340
1275
5732
5193
8116
5482
3763
9928
5069
5442
3531
633
1315
8970
9362
1178
6042
1157
1030
5097
2267
6153
3952
9660
3610
1124
7836
616
7471
1356
728
5811
8983
6460
7355
3450
8293
1117
3377
9713
2910
3259
346
4224
2229
6059
1753
4622
7215
9135
9718
5833
5287
21
5492
5249
1144
9680
5864
8614
7387
6592
776
2721
9403
4482
6170
4047
1950
5898
3759
1212
9157
456
1787
7737
2866
3540
2358
80
9026
8427
2265
664
8447
4108
5912
5942
139
8128
907
7526
4719
1683
6598
473
2516
2768
4519
4466
8665
4629
5677
4173
5085
7463
1909
4302
7354
4266
734
6379
9044
2998
3395
7490
7105
9306
3431
7244
7433
690
1121
8503
8724
7718
8975
1239
6837
3493
5704
1854
4474
7732
6026
5910
1547
7935
211
8900
8552
944
1631
7596
3941
5025
1437
7398
682
1220
993
8115
1909
2113
2969
632
6182
1944
1870
3019
1788
3926
4872
6261
8009
7249
2170
9555
5183
2381
4807
87
3324
6437
4034
3617
7813
5470
1014
8494
6689
2006
2960
4949
470
5929
1932
6651
4224
154
6021
6011
431
7244
2272
8439
4493
793
4346
6027
9525
9152
6113
2849
1940
146
6465
9752
1968
3830
4597
5008
5835
3909
9957
2656
6189
1888
9306
412
8393
1679
2774
8823
8922
1397
7262
9766
2190
1607
5793
1714
7110
1905
914
9049
8403
3730
5152
6722
7559
6100
1729
9745
8
8037
2400
2548
6277
8058
2959
4669
9736
5733
3492
5009
7129
753
4775
5670
8711
567
3736
5820
8823
4649
1220
3577
8379
6371
298
5937
2470
8379
5682
8830
6415
8081
1377
2691
6138
688
7360
2225
2772
7203
7234
6252
4307
8360
1922
3017
5278
2009
5188
452
6657
6407
381
5035
2777
678
7324
1598
9056
3005
6779
1823
7437
4508
4513
9927
1547
8224
8503
4318
5426
5736
6921
9732
447
5194
9100
2076
7202
4287
2528
3859
693
2908
5245
9821
9937
2568
7771
5345
1924
901
7167
9361
1760
8031
5639
3306
6255
4141
3975
8032
6229
7248
4116
6675
2441
3215
8751
5995
7502
7630
9853
4546
6889
1449
719
6825
4017
4841
2169
5940
5741
5687
1652
7501
3718
7290
7158
6324
1431
7485
4355
7659
4732
4822
685
7172
8037
9435
3166
1890
3416
9370
6435
304
819
3505
7129
1187
8345
5649
7126
438
7688
8778
4290
7757
2419
7799
4080
3849
5283
4786
7859
14
9608
8544
3538
7644
4330
6703
5885
7746
2425
8671
4401
9595
2176
1529
781
6872
3530
7906
3661
7569
3035
7950
5325
5454
5749
9404
5654
7383
541
3513
7397
148
2056
934
4143
2737
3988
27
482
2764
8698
4883
2358
7225
2763
3138
4096
2644
7396
7757
212
6782
2058
5536
8587
4158
4939
4241
1541
1832
7753
8937
1979
6160
6222
2474
8896
209
2500
5730
2973
7549
6964
1682
1125
9726
4820
1573
2370
2215
9329
8933
5348
7738
4469
3935
1896
5759
8175
3436
7590
2279
8724
5921
4790
4945
8394
37
1505
7245
5766
829
1146
2729
2511
2270
8807
3682
3842
7528
2248
9522
6460
7595
3612
928
1529
5507
3039
6055
5294
6980
4685
369
2900
9474
1665
7645
9511
3169
4890
1628
350
6035
4357
9212
4656
9515
2893
4850
7042
1492
723
3501
9086
4334
781
6967
6192
3819
3021
1485
798
7706
1853
50
3531
9869
7694
9393
9390
8935
1021
9739
4969
1729
5302
5977
1243
4546
826
8284
6037
7900
1784
1474
2234
2564
8440
8425
2734
7813
6262
9884
5518
4466
6285
5400
4335
3978
4793
3724
2913
5813
3462
4233
7541
5115
6561
8783
9660
3738
3418
5696
1638
5201
7169
3871
4117
5609
8647
3202
3421
4908
9437
5290
9374
5721
689
3708
6051
1833
7431
8963
7645
7244
9547
1537
2358
6108
6671
8369
9845
88
4064
7834
1641
7584
1704
5757
9544
6703
5310
9316
1610
4747
957
983
6819
7998
1042
2869
9830
4824
1831
7475
2067
7730
5363
776
3837
2034
9144
33
2121
9559
7867
3761
7143
5922
5869
3038
2624
7531
2354
4234
2277
3310
1568
9095
1307
8962
1964
1137
3785
146
4963
2204
4227
325
2979
4415
8710
8475
4448
7183
8033
8666
943
1527
939
3164
4565
3563
7046
6918
4148
9322
6579
2067
4768
7886
1028
3083
5374
1165
9581
6688
3368
3807
7012
6346
8222
2074
4820
9021
9256
9205
4038
6550
731
4976
9713
1647
4890
6758
8564
5389
2431
1495
3808
3551
9380
1187
2985
1105
2351
2565
7792
5718
2724
1155
8416
7297
3228
9587
2669
2483
5143
6706
9033
5874
8033
5097
7520
9275
8207
2436
1015
637
3930
4822
539
9661
6009
3524
765
4711
6088
4908
6781
5163
6062
5196
2459
9290
1134
5127
1772
6277
1832
7156
8502
6217
2253
2373
5491
459
4808
6505
7447
5089
7679
7986
4749
3687
1509
1865
4749
3948
6772
1529
9111
9186
3076
1569
8475
562
3048
6598
6838
1231
3754
5339
7447
6006
4063
2937
2816
8871
5794
262
311
3472
8247
1412
3510
6107
3276
8258
6407
6400
6139
5517
5585
5566
3437
411
6127
2836
3360
9316
4067
7113
1006
1513
9470
5069
802
8637
3939
6595
8899
601
66
3497
2012
9927
5956
5288
4536
2362
8039
674
4230
3623
2592
7666
385
8718
502
3744
8034
4568
7209
5391
2432
3030
459
3233
1667
749
6179
6917
1350
6244
413
3361
2522
6368
5000
7058
5081
3038
7731
9310
3012
322
3328
3396
5392
3829
3492
9777
4748
7052
5167
3531
81
5626
6764
1747
6374
2942
5015
7723
5538
5428
7436
8059
8147
2435
1468
3228
5473
9199
2537
4836
5872
5864
4584
7615
6044
8075
7391
7143
5126
8910
674
5206
4535
3789
3305
7260
6730
8319
1335
8619
98
8770
3030
4597
7556
4497
7824
9380
47
6712
4216
2271
8928
8799
9885
4971
6873
3628
8466
8350
2537
9139
9907
3423
2927
9563
682
6008
4234
8368
979
4331
3489
4008
5279
1045
4856
3102
424
4903
6166
4639
3525
5093
3437
3409
6415
6661
7036
4880
1362
5924
370
1269
9346
9648
831
28
5656
5064
4747
2986
5747
8236
3345
7377
9280
8200
479
6055
9454
2996
694
2978
8088
482
6387
854
3495
9774
5734
4856
5698
6103
6124
5043
5751
3307
1422
7758
4722
6169
743
6820
4404
439
4197
35
8638
1027
6089
8092
4022
3134
7421
8461
3616
159
5666
7110
9933
1399
8317
1982
3854
793
7024
5956
4099
4798
65
5172
7318
7159
1992
1721
7597
2540
8107
2586
3566
4195
677
3939
7329
4450
8751
7296
4608
4416
4405
4540
2167
9073
2873
6020
9865
9897
8327
3963
1046
4743
5487
8363
8253
3830
6435
5849
6369
4541
8434
6286
8735
5463
224
2415
9912
8974
9710
871
3389
466
5411
5555
9539
8283
7926
9403
4531
2604
9718
1928
3698
5204
290
1950
9033
6724
7798
1753
1264
2584
8038
6351
4398
8261
5117
661
3586
4827
1531
3326
1644
3293
5233
1182
1576
9510
6937
2458
2114
3006
4386
2163
8209
1027
4113
3593
7751
8262
1697
5366
845
9734
8068
1594
7994
9537
2254
7931
4363
3785
1256
2358
7077
6488
9892
5004
5998
6828
3814
4463
9833
8199
6625
4393
5577
7089
4337
3327
5351
6033
5045
2547
5766
9464
4141
111
9000
6394
8041
9714
6530
5648
2072
3607
8488
1963
4962
4485
5142
8775
5299
1326
3325
8275
5718
8902
5364
6406
8580
714
2438
3624
9612
4555
9440
3752
1017
4791
6498
5409
4505
3027
1056
2928
2985
9543
1242
7947
379
6383
6721
2029
4060
46
304
6129
5299
2019
2534
3878
9084
1323
3854
8695
2229
3293
8799
3245
4435
5296
8653
8939
8322
6060
1866
1307
1955
9459
5605
2333
2193
2325
714
6252
8722
7369
2380
372
9387
4913
4250
8470
2587
4455
3516
4815
7747
2314
8059
2181
7609
3063
7472
2283
9123
5689
9941
1077
5148
5545
9761
3692
4221
6826
9944
9295
4194
2323
9666
3580
3588
267
8401
2526
4721
1917
7341
8819
582
1751
7352
4543
4814
4823
3177
288
6863
3117
7716
8362
5013
3828
2054
5585
654
1997
1231
4847
671
7249
4779
610
7515
3179
3136
8588
1447
6828
7406
8381
4930
4757
9275
6095
5931
2451
6382
9146
1919
449
7507
3283
629
5912
8867
7634
4260
6450
2480
1283
3698
3610
1892
1212
3141
1379
9799
4587
4558
3557
9319
9488
4665
8593
5582
6948
1043
8316
6093
9313
5116
9951
2595
5744
2215
7814
3377
6474
4263
2209
7756
7960
5818
6000
5523
8958
7378
1674
9897
8288
5230
5567
7775
6246
4160
3356
3193
1554
8023
5637
867
3139
1940
9813
8882
4154
7626
8611
6979
1888
819
4735
6199
2988
734
8074
8298
4463
9747
4546
9102
1328
112
6876
7573
4271
6584
7118
5825
4606
9106
3043
4096
1045
2855
9330
1550
6833
7940
8529
5072
5110
9615
7623
4449
6700
5696
2746
7514
5442
7291
6616
3121
7403
9843
7045
8025
6426
4162
201
7384
9620
9595
1479
7016
8802
7160
8566
5634
5099
7094
7057
6560
3060
4679
1009
9759
374
3754
7272
2167
7397
3887
5287
4799
3730
2332
9175
6507
2845
9376
3890
8816
8970
1721
5832
7771
8880
4397
9756
331
7842
6813
6890
901
7843
7898
659
8217
8004
4282
383
5400
8169
2022
6550
8250
705
5724
4756
9901
1451
4998
8717
6773
3070
4548
895
8301
5296
651
8631
9489
3815
1873
389
1657
9770
7399
6225
4125
1680
2960
9524
6200
4981
6073
4449
2037
8149
5557
1937
9599
554
7005
2723
3623
1552
3618
1923
3199
620
6906
2687
786
8778
3075
8794
4899
6825
5019
9024
4857
7978
8547
1056
9310
972
1857
1346
5472
7413
9634
5070
4318
6639
4145
4292
4542
7762
6214
7741
4733
9471
427
5518
8248
9854
4311
9499
6678
9329
8522
7886
3658
3420
5294
9319
743
7150
7016
6214
914
6650
7636
1583
9640
1780
5874
4181
5893
8439
1921
625
7910
8700
2494
2509
8553
6804
2007
1582
2485
528
5820
2494
300
1113
1813
1042
4614
8828
7256
1879
1829
4891
3461
1468
6670
9334
5649
2562
7772
3921
9538
2033
2620
2031
4542
7524
5186
6548
9106
4022
3428
4925
6516
3727
2389
4680
1120
7002
3507
8375
8880
5336
3265
2340
6803
6286
8025
8803
5199
2148
2724
4736
4181
5343
3118
5074
2867
8304
1621
8324
8677
1400
9600
5192
1478
1988
9871
2598
5341
9730
972
572
1417
589
9263
4571
3226
7287
3374
8425
5786
2449
9512
9966
4143
8982
5039
3361
3637
3012
1684
2313
4411
7635
3857
2241
5974
3727
4838
1314
9808
2161
8237
1224
9101
7499
2147
2327
1137
5520
7103
6923
4320
2966
3240
8462
1947
4631
1823
1935
7642
3506
4248
8404
7493
8104
6996
3466
8182
1833
1132
4342
3994
9368
5565
3094
3219
4063
1772
4355
5934
8874
1277
253
8192
4517
8715
138
5499
537
2073
9492
394
2672
4247
7886
7127
1243
7704
5308
3075
5187
9649
3420
906
1566
2866
4124
5628
4637
4831
7914
9863
6107
8166
8054
6975
6880
4543
2473
7416
2967
1964
4162
5638
6211
8399
9116
3805
6102
776
6879
7640
6776
6651
4898
4693
9516
9021
6673
504
3851
4586
366
6310
2751
4771
9636
9631
9314
8461
3398
2280
424
7559
4270
2986
5958
3385
6790
8411
512
21
2403
7288
6671
7300
1980
2538
2672
8652
3041
2875
3237
3407
9184
5988
8177
8819
5618
3842
7279
5367
6122
4055
9278
6743
3392
5235
6479
6534
9997
6991
6554
2399
4278
9576
6050
6257
2113
8722
1261
5153
1596
4497
4911
779
484
9440
5949
2453
3281
9580
4172
5754
9986
3449
2496
9729
5035
8975
6262
5031
2317
9167
3782
6594
5094
6183
9202
7206
4904
462
8711
6499
1311
3621
3629
8146
3060
5930
6951
2693
5509
1122
8446
1846
4570
942
1574
5956
6268
7836
986
8584
3354
1119
1529
8448
7302
7082
2005
8557
3896
715
5056
5206
688
5036
9703
3747
965
6653
2791
2825
7774
1237
1022
8695
8530
2596
4650
4797
6783
1988
9732
6488
9458
7612
4935
3111
1045
6940
1668
4940
4006
3075
6497
4693
8110
6200
4792
5427
9204
7582
4603
6978
8818
5625
2024
7347
4572
6674
8495
7706
5013
4578
4193
4470
8541
5480
7581
9586
2419
9248
877
6424
2322
3726
1117
6783
6277
5908
8561
5480
9841
3164
8809
8659
5140
833
2357
6063
3858
7204
3768
8870
8133
7960
3339
3026
3439
919
2611
2209
6518
9839
4985
5191
9916
2453
1974
6192
4712
6886
8024
4552
49
6832
9562
1540
4016
1919
7602
7873
5474
1369
6742
9958
5681
6433
2983
5471
7351
1945
7680
221
8136
9016
5411
8051
1468
3736
4243
2531
622
2266
7082
7022
5449
6644
8562
9465
4914
2515
7337
6739
236
431
6696
5916
6863
9679
7738
565
7975
1769
785
6110
784
2548
4161
8603
6283
8403
1133
6904
7020
8215
278
2468
1210
5191
1932
2475
4057
5621
9213
4292
6051
2260
6559
2913
8290
4297
3477
6265
2417
614
2374
3201
3161
6534
8155
9443
1288
9288
2699
4659
3854
9328
3479
1415
4518
5410
3889
8574
7382
9453
9218
3432
1712
5776
2696
2
6424
6173
6266
8841
3138
4991
8393
6298
1525
6547
2092
9164
2186
4790
175
6039
469
3653
3805
4986
5414
7693
9912
2796
7145
9129
6227
5209
1256
8923
5210
7680
1447
7827
6520
4584
2817
1264
7233
693
7810
9324
9857
9996
466
6383
2386
934
35
2543
2272
5448
235
2183
8243
3732
7663
822
5292
8918
6096
501
6597
3894
8327
9468
4829
7495
731
2061
8188
4893
1384
4396
4888
8201
778
3625
9135
7164
6167
7758
2611
2754
9940
7206
2837
3954
8027
8128
2871
474
4980
5820
4367
9658
5287
9195
7152
6018
1255
1691
910
8990
6086
2149
3543
3215
2125
9029
378
4644
6786
9341
3749
3077
6546
2937
7030
924
7416
9900
1397
2395
5719
5763
8404
7358
4957
1907
9727
2563
3598
636
7904
6035
9136
1446
9250
7612
474
5979
2255
7259
5319
2355
6687
1864
5291
3716
9139
2706
9968
535
1452
5686
2649
9855
9395
3957
8114
9121
6519
1711
9756
4423
4097
5243
2220
9698
2855
2694
5677
1461
6304
7347
3816
2991
5563
5458
3058
4701
8164
3025
5236
5967
5063
7884
2174
4457
1841
287
3578
4711
8349
9685
5485
2445
4928
7705
8495
4134
6750
4171
5594
9405
1517
9409
8747
7079
1219
1805
1780
9382
4829
3367
1700
9891
7602
3873
4348
9442
511
7925
505
8859
7609
5989
7656
8888
45
6150
3021
6794
6672
8615
2551
4540
4375
1297
7971
5593
3101
9750
1326
4282
9468
3026
4172
7069
3250
4871
2863
3761
2795
3367
8971
6756
9355
6626
5643
5752
9127
8664
8897
5798
3630
1447
338
8004
9096
8308
9949
2196
4409
1274
6477
228
651
7001
7296
3901
1871
6510
4013
1018
9876
2983
7773
5583
5961
3415
1334
5087
8430
6582
7237
2059
8029
3926
6415
7124
8585
6363
5671
9345
3988
8500
9572
4639
1852
3219
4891
3722
9729
5255
1091
9604
8237
8863
1538
549
8630
9223
1988
3411
5805
9224
5470
185
9501
8236
3660
8085
4598
9330
7429
4937
4181
3352
5927
6032
6570
817
6106
6298
6071
7196
2254
660
2411
3791
1208
1040
9366
9547
802
5170
5122
6271
5354
4622
858
9013
9058
1807
4694
2838
6744
5227
6189
2670
1258
2759
9839
3715
9056
5909
7263
7661
2920
9673
1452
480
7064
7169
26
7865
2338
5148
488
4043
6121
1345
3055
5179
3152
4100
8016
6247
9326
4205
8916
6936
3315
8754
650
2370
1015
7912
6383
286
3936
4186
765
999
1354
791
5216
3691
2290
2055
7733
8410
3399
7139
9940
2902
1238
7956
9148
564
8512
4416
7499
1826
9521
4500
547
6887
2412
6929
7173
2699
1114
7937
50
2467
5079
5265
2509
3720
7319
6593
8482
7069
3731
8421
6323
4969
2728
1822
1884
7591
6237
9382
5768
2110
233
6315
8996
2644
9595
6168
1695
7061
457
1744
5879
1887
3360
8388
1959
7030
4980
440
450
8711
5212
6772
31
4292
8594
1914
8234
1182
7647
4002
9643
7879
316
8639
6875
6262
1158
4921
3322
7966
6664
9201
6205
6375
7588
8163
3404
8919
8602
3853
3981
165
625
363
4456
5570
8628
2690
3103
6274
3043
2746
505
9710
7736
3731
5971
5245
8651
9293
3211
1666
4845
9415
8040
8784
7577
7795
7702
2530
1647
8035
9046
8623
8397
9854
4192
7025
8895
3647
9650
1937
2744
6506
1646
479
236
3968
5723
5238
3260
5285
3255
4456
1051
7646
3239
4979
5440
7293
3860
7087
5327
2906
5709
3723
2759
6253
7099
1653
9899
6749
3589
2642
3254
1586
9472
9842
5553
1546
1431
5165
6831
4686
9620
4233
2331
9211
9212
4123
6503
3071
1209
8181
2328
3269
8255
5086
9521
5354
3090
5771
8454
3030
4764
8059
4615
4235
7900
6520
2133
5683
1684
5315
368
7655
9547
9050
6865
8758
3172
9719
8181
732
4251
508
4001
2506
1946
9873
4211
5035
5644
9016
8065
6759
7074
2679
7346
1326
9198
9478
7008
7233
4792
7375
1240
4338
2776
8104
9448
2300
4175
3980
3031
4777
4487
3383
7282
6432
3256
7844
1467
5251
6859
9531
2009
285
8561
9354
1610
4111
5183
8617
1343
9974
5991
8934
664
5118
7038
111
7417
7564
4090
6800
2340
4928
182
5974
1360
3437
169
9178
5039
7028
5060
7048
7312
9972
2753
8921
4082
7936
7537
1777
4261
9879
710
4924
1348
4099
5034
8765
8014
5475
5564
6706
403
2097
2679
8114
5534
2847
7291
6924
6226
8702
323
9889
8673
3076
5161
9107
7363
9049
7235
1623
5279
7944
6547
6627
8395
7932
5391
6408
3407
7306
3113
3809
9402
2143
8274
1287
1342
5564
8211
3919
617
4885
3808
5641
4312
5320
4747
1674
4369
1981
9649
9647
6277
6195
6273
1023
478
8015
7430
3884
1672
6895
4044
7426
5389
2317
8712
6730
4232
3274
649
4848
8159
808
489
2470
6127
1587
496
495
9920
144
6494
6196
2690
9118
7218
9519
3485
999
3403
5156
4245
7446
2581
5986
6115
7645
9067
346
7270
6067
1546
1780
6874
8386
602
9353
9972
1097
6199
9891
7592
2692
2438
6633
8162
6007
6151
1646
3358
5905
6801
3954
9703
5734
9939
5817
9730
5358
6162
6999
1424
4059
8779
8298
2444
9380
7650
2416
476
3848
8658
4419
2892
7448
7403
1053
3454
3553
2698
3163
9458
5850
3469
5512
7935
3407
1328
7664
8764
3841
4663
6540
7900
3441
4837
6695
9172
8838
9110
9647
9037
4120
417
1928
1567
7819
9332
1372
7723
8381
887
3532
583
4355
9043
4869
4113
370
2533
9229
563
3547
5768
4814
3339
604
1508
2510
5793
6970
8508
4829
1089
8924
3109
9007
6742
8792
6730
816
3525
7616
4348
4107
1970
3390
8975
6083
112
7859
1663
674
1405
7430
5487
4743
4385
3346
7252
177
315
2111
1357
7755
1034
817
6761
4127
9609
9843
4943
9485
7458
9290
3591
5780
2679
8917
8214
9142
6776
9876
9815
4532
7305
1653
9275
1689
1351
2878
8217
1665
4989
9573
5772
2374
6742
2532
6501
2702
8726
7795
2186
6184
7084
2128
8315
6114
1044
6528
5256
4171
2755
1422
8703
59
3075
4329
8099
777
3558
2667
2441
4898
8591
8212
7272
5332
7096
124
8033
5821
7918
6570
8356
1353
8697
6670
7466
6093
9549
9073
263
2303
495
8965
8713
9921
9645
3163
697
3203
5829
9489
4452
4420
4053
1723
6103
1148
8198
488
3320
2467
7057
1676
3819
2106
4697
7637
8198
598
6709
8460
2900
3555
3777
7965
3475
3421
1127
523
2975
3308
12
7427
4079
416
5501
181
1563
3699
668
1234
6165
4077
9261
6336
6182
3958
3972
4379
907
7032
2838
3806
587
6614
8122
413
6387
9249
7288
9361
8908
3651
3139
2986
4066
8640
3166
1980
2338
186
3213
4854
4262
2474
1189
443
2783
1512
4821
3689
4896
4010
3846
5482
624
1968
2246
3362
7568
5885
2722
6475
9535
5861
5812
3600
852
8977
1931
3189
9162
5144
4394
9775
3969
1935
217
6751
9798
5037
6791
4693
9047
636
6526
6022
8955
8772
5735
2874
1008
8456
5700
543
668
1511
494
7871
6840
2425
1059
2353
7568
1805
2128
1536
91
2344
4638
9888
3733
1428
4581
9131
8415
1106
1504
3722
6229
7238
6595
3589
2045
8647
4131
9065
6509
4624
6935
3348
3400
4346
5701
967
6150
7828
8854
6240
6523
9843
2479
6607
7622
7059
5737
6037
4517
7240
6110
7097
829
2704
685
2874
7702
1167
1938
4211
2143
8872
7558
5542
9569
9610
2861
5718
3789
8066
8309
312
7909
7140
6918
5530
4198
9007
7918
5066
2598
4027
8515
3427
3083
5551
2652
784
6718
4589
1346
5212
9812
5256
753
9381
4865
9965
1450
8654
8031
6111
5317
2291
3250
8586
7820
3799
3944
2090
5217
6542
6116
3731
6320
5550
5633
8971
2686
8702
3559
4031
3913
9722
9286
1018
5454
4151
982
6904
9156
9012
9366
824
1302
2615
5761
5474
2765
9705
7563
7981
2598
30
8063
8917
5580
3696
7887
8265
8749
7797
2295
2662
7518
7933
3679
9324
8435
1012
2579
7590
24
1944
4765
7677
910
525
3150
3674
6581
7064
8007
9178
7094
6069
8094
2673
6116
2332
7289
4865
128
9583
7526
3998
3867
7556
9673
2301
8567
2251
6242
4942
546
1006
8971
1455
7883
2120
1480
4463
5536
5838
9993
2629
1907
4438
1653
4374
6770
5293
9238
3249
4875
3115
3598
5094
7022
3270
7394
5589
5520
3636
6882
2417
4641
5852
223
8875
4324
1703
9690
9859
3892
9682
8839
5798
4119
6843
6524
7240
2135
5761
489
3361
5228
438
8454
2249
3708
5848
4189
5579
9483
1071
7996
475
3274
8218
9350
7597
6272
5391
3807
164
5072
8997
2313
5542
5839
8836
2782
4325
949
9622
7686
6176
59
2491
8424
118
8338
2613
5697
4172
35
44
999
3308
8261
6700
7257
885
2090
1063
1048
3513
60
3360
9054
2250
8548
8187
6575
9496
7808
612
5671
4219
3102
4094
4336
1440
3058
32
1963
3092
75
9313
2752
4688
6012
8
5572
4453
7422
2971
7965
3833
6330
7019
2435
4877
5205
9009
4372
9365
9620
6394
3583
2721
488
7918
512
9897
4302
8827
9341
728
8139
2092
1767
503
8451
3690
4955
2224
6660
9272
2409
9342
2642
4843
4218
4198
203
4942
3562
9822
7687
3496
8894
8174
1414
5758
4423
2067
936
3763
9146
5426
5854
913
5928
656
4602
7235
2879
1262
2858
1639
603
5499
6481
1172
9696
6683
2465
9610
2856
152
3105
8102
4677
870
3859
9099
2936
4794
9213
2082
219
5066
9346
2499
2073
299
6085
1304
7912
8942
2942
4866
4440
9423
2390
487
6105
4854
96
5313
1357
3201
3414
2386
4070
3624
7836
3358
8417
7049
1791
4987
8466
1136
3837
539
7786
6273
1842
5698
5214
4783
563
6005
557
2952
2844
3014
4158
2939
8326
1866
2491
1739
603
2913
1714
8439
6270
130
1839
4412
1468
6656
5547
1657
7194
9684
7929
5387
5381
9495
6522
2296
5499
3430
1599
8342
6443
5756
7633
1120
3974
6475
9210
4576
9387
923
9366
2008
7404
1204
6419
8872
7860
8317
6880
1405
8001
4808
3144
9733
654
9665
2028
6153
3094
3627
846
5889
5734
4830
7008
9707
1305
6218
4283
691
7140
3648
2699
896
1204
5469
9767
9063
3786
2998
6819
8138
4157
9962
7870
4811
5978
9898
7315
5424
9876
8160
1312
5609
9342
4671
1668
646
888
2302
7688
4380
5949
386
5275
3504
2207
1393
8918
5992
742
5737
4129
4898
5698
8350
9708
1676
8247
3374
7099
4474
7886
4762
83
7227
9432
8102
7872
6672
403
5559
1051
2703
2297
2677
6207
4503
421
5124
6846
1162
7212
7326
6059
9262
5675
2119
937
274
5492
4387
4747
3377
5500
1181
6955
4931
9282
4826
1602
6036
6737
9004
8739
9033
1680
4945
9887
2100
6420
3084
9613
9984
409
5672
9245
2435
4142
6533
2708
5985
919
3807
5714
2770
1339
2668
7700
6973
7494
5654
3008
4230
4657
8098
9614
2689
3042
5852
1140
5814
8935
753
5797
9343
2776
5041
1777
6917
7925
837
2901
5195
995
8614
7964
2333
1282
5663
5657
5127
1316
5017
5708
2325
3114
1673
5013
2508
7524
6152
8321
6458
3256
469
2152
6031
1861
280
9299
9785
1116
2200
4979
8462
7165
2942
7147
4798
4956
2803
9924
2624
4171
1983
4948
7285
3655
9960
9792
1178
2463
4464
7635
5719
4932
9786
8101
3144
66
7400
9280
7533
5951
4258
2347
3115
3551
9493
7913
4858
8647
4188
7481
2818
6171
2428
102
9825
8739
9893
1003
7554
708
4989
3272
5639
1127
7724
5134
1192
5123
4413
5076
1073
5022
7422
540
4924
3266
8452
9781
8265
2639
7262
1082
8809
6041
7535
4986
4780
3779
5988
8685
4486
976
8308
6476
2102
6031
1609
9645
7506
2373
1073
8578
7394
4846
5469
2317
4464
3920
8449
2728
2911
5710
3809
8071
8103
1343
3056
9234
5121
5395
7918
5958
2723
6225
2433
1176
2255
4041
7173
9760
2765
4597
4690
158
9442
158
8826
3905
430
7274
2984
9692
9336
6792
4114
7438
4486
3522
3023
5958
8916
940
1915
7990
7164
699
9166
5770
1091
2690
1882
3855
7286
2923
364
3079
9432
9189
6984
6213
2815
6319
5904
8502
3111
6370
5939
3948
9891
5313
6258
5158
6252
8172
3148
9767
5223
8665
1888
6313
1354
3769
168
4991
3043
531
8069
2475
6072
1404
8687
8886
7723
943
7387
7185
7312
9677
1132
3554
4989
7389
8711
7592
1913
1858
7358
7135
6874
9245
3447
4579
9366
9966
9569
2408
497
3990
1234
6568
5393
6273
1805
3115
7215
9191
299
878
5219
7783
4431
207
1523
9493
7798
3435
7703
1507
6921
4576
7103
6720
5507
2820
6685
1427
5228
3533
5416
2813
6452
809
9085
8256
275
2651
7446
574
9880
2664
4708
662
9222
6230
155
3371
6017
7857
4877
2937
8784
8332
6008
642
1151
2693
2069
2730
2577
7484
5543
9029
8292
4627
7284
4919
3630
1082
1844
3509
97
6551
4171
9319
2780
677
2689
5148
4885
3918
8085
20
2249
444
662
3399
9488
2730
6129
2065
213
8023
1093
4857
9001
4728
9775
2630
5809
1618
2491
5906
4520
3013
1576
7299
3689
616
8799
8573
4533
3235
8592
3133
3678
9253
6532
3166
8334
9012
5230
8547
7034
2674
9755
6034
7401
9529
5016
9562
7498
7506
5467
2017
518
3394
5667
4206
4009
4465
9130
4894
7699
4073
8026
1377
9678
909
4542
8011
9920
6123
2909
3305
8796
2663
5691
2548
2191
7058
2109
6040
4563
7575
8056
1432
7320
75
1989
1329
4539
7470
6222
2238
1542
599
9966
1219
1508
859
5582
7779
6981
8490
7436
2128
1153
9478
4675
9695
6535
6784
5735
7449
710
142
8880
8030
216
868
5710
4755
8337
8283
3344
6230
8881
9661
3801
6740
519
9382
4519
3851
7871
8306
5978
9023
7783
7004
8718
669
3787
804
8117
4497
945
3348
8878
7513
567
4587
8619
8903
2869
1962
1484
8101
7974
5284
4841
8492
4665
5711
8694
2536
368
1023
7910
8150
8026
2979
5170
1813
3782
3286
2661
1079
6633
1538
8591
7199
2476
7209
2453
5344
5522
3936
9796
3495
5572
4636
8338
6588
6698
7031
5475
7065
8053
3385
1566
2430
2715
6735
4242
6497
6372
6902
3927
3004
4791
8869
6554
7266
6077
9006
8961
7950
9294
8757
7796
1217
9744
6133
7804
6442
9515
3279
9858
3919
3015
1424
6348
5729
4510
6942
2225
882
195
2503
3885
4986
1371
6791
8603
3799
2148
7564
1748
1441
2672
9543
9009
2415
5675
6813
5208
1541
91
1418
5459
3105
9193
8159
8833
3702
5100
7410
935
5294
6264
1172
6631
7635
7962
5234
1433
109
2797
3181
7902
1820
9075
6910
586
4750
3722
2146
2642
164
3563
4453
3268
2755
2611
8453
2808
4062
2214
3743
9355
8477
4914
5986
6111
2875
1219
3896
9335
367
3428
7236
8538
2502
4146
9123
3603
4219
1268
6245
4383
1182
697
4002
288
9659
8806
3096
72
1019
3190
9426
5848
8103
1763
8310
7329
9333
2205
6663
6051
5632
3899
4588
8134
4396
63
1736
8614
1330
4332
2996
2512
1380
3350
2799
7390
2155
2246
7461
3174
5435
6887
9021
9889
5001
3682
7217
4334
5887
232
384
7870
4130
1324
6003
4877
1386
4091
3490
2715
8422
2838
1578
9802
6187
729
7191
4693
9326
4652
7866
4761
7890
3238
4649
2890
6920
8218
7223
9158
8449
3959
7027
8930
5282
3030
3806
6667
3472
3647
5733
1893
6484
3663
8046
9022
4391
1589
3715
68
2592
7932
4828
481
7522
5829
9722
793
398
3297
9950
8846
7255
6976
4127
8888
6357
7932
5554
6180
7930
7638
8073
4414
1300
2470
9787
2042
4058
9853
2110
6649
7785
3289
3481
1658
5469
3203
2450
5866
6499
2399
1063
105
5726
5189
8992
8435
9472
897
4614
7402
8534
9038
8167
6186
1508
4305
8227
1917
4158
6688
4918
8294
6329
8398
9951
1797
7952
2400
4015
802
1150
1429
906
3227
2970
9897
1661
2441
7145
2627
6194
5679
1664
712
8216
9523
5017
6442
1440
5526
9482
6357
3819
5810
1106
121
3958
9058
2520
7972
9859
21
9401
7117
3247
2370
3365
1260
1162
510
3886
3708
2540
1901
4419
755
1424
5787
3548
2863
1312
3029
5571
1482
5190
3028
1602
9148
8437
473
7119
4648
493
2871
1764
92
5240
5128
7703
2754
5637
1588
2813
4528
3488
7231
5282
1263
9370
8830
477
7033
1858
6047
8515
7048
5427
116
6195
3863
6941
9665
8510
3785
2536
6625
228
4127
1753
7930
6880
3741
5869
9692
8269
9357
3275
9902
6971
8996
8731
7448
6028
6941
3494
4542
340
5272
1010
2886
9135
7950
2550
3996
8086
1437
621
8314
5564
8725
6243
8795
2465
2112
4839
7085
7820
4465
6987
4790
3460
2069
2237
9487
9009
2083
381
9348
7354
7742
8585
6488
2043
1135
484
128
2571
7456
8441
4486
6180
1036
3281
4996
9499
4471
2081
7318
8935
5419
8459
8746
3839
696
8232
2848
9130
4964
8547
6483
2705
7132
9323
4747
4618
6158
1227
3540
3613
6019
4378
6144
7054
4010
1139
6552
8480
9571
221
3766
1341
8680
2511
5180
5727
7094
4379
4856
2058
2925
7690
1114
6408
3364
2213
7377
5873
3439
7269
5837
9457
1646
1980
2863
5655
9471
9414
486
9041
5987
4251
382
4666
6761
5561
392
3854
6291
1599
2263
9215
5640
3377
1975
9004
1941
5703
1228
5379
2971
7065
1187
968
5396
4049
2974
4866
3463
3459
3907
9449
4061
640
466
821
2552
7209
1027
8842
5159
9641
4408
798
9369
6382
6153
1309
8437
7381
6687
7759
797
4226
5079
6192
8274
8052
1058
8088
7863
4964
3888
1923
1955
4353
9096
4506
1561
122
3347
3071
9762
7754
3869
5483
488
21
6791
5276
3753
9830
3034
4549
4055
8112
741
2328
2516
1798
6768
378
3113
655
2300
5067
5008
1395
5924
2920
7868
9270
5991
3982
3375
6211
9464
214
2583
2606
5489
6336
8787
4875
884
2841
9338
7976
1521
1853
9773
8288
2230
9237
5294
882
655
301
8628
6578
9573
2848
5847
1915
6829
5574
8125
2644
5787
707
5249
7628
7042
4036
2502
4278
3228
1839
2253
1100
44
8378
5739
2273
7614
1033
9506
8269
1333
4486
4846
7257
7333
7045
9171
4161
2618
7295
3156
4756
4354
8404
2383
1395
8791
1236
2024
8371
3075
629
9470
3118
9006
5209
1742
2971
6241
7600
7591
7573
2085
8789
1182
5769
5833
352
9929
4802
3999
9436
5909
8352
7839
8292
6098
2982
9527
8122
1352
8953
8750
821
8422
4107
6029
6516
7077
8621
467
4668
2546
2551
3456
3727
8319
5640
4078
4599
6793
4428
4034
2701
2779
8224
7344
8877
7557
3223
3350
8908
2175
8451
6081
6949
2557
2109
3464
9633
730
3930
652
3275
2832
459
3353
7502
2450
7430
8452
9242
1858
8837
8295
988
3412
5638
6216
969
8860
9565
9876
7387
8015
5956
687
571
4417
502
6556
1498
783
3559
1124
3614
4018
4476
7467
6467
8257
2270
2061
6466
1106
355
7454
869
2344
3669
1837
1204
3234
8065
4942
7600
4020
5628
4523
4788
6129
1078
6285
6911
4636
3760
6876
5005
8235
694
1472
6492
2963
9884
2957
420
6590
6762
1288
8933
431
3125
6488
16
1189
1429
7615
1560
3408
2137
2700
9536
9566
5336
2798
554
9096
6025
5558
3682
6718
3381
173
9680
3264
9482
99
9853
6243
7739
8786
3025
863
1625
3040
8403
3054
7007
6314
2813
5495
9013
8701
1413
4349
1498
1966
3444
7523
7523
3477
4240
904
3650
272
4167
9483
6722
372
2077
4460
5509
1454
1674
7133
845
76
6538
7851
6390
9351
9698
1754
8051
1110
6102
5900
3075
5897
3422
597
9374
4014
7852
9375
637
2019
5209
7358
8742
7285
8170
4250
8738
9843
1382
9583
9919
7920
3785
2660
7270
9834
4413
1672
943
6867
7571
369
9115
7345
7318
8488
7710
5169
4214
8346
3539
9422
2055
2280
6707
224
6529
1796
67
7911
7730
6337
2182
7867
5348
5803
7700
6112
7474
4995
2978
1396
1715
2093
5092
9032
6932
2801
4201
1146
1146
7739
567
9553
6371
3625
9776
2899
1773
9842
7161
5854
2530
5694
3720
7877
1496
7772
3989
5321
9118
3318
3069
832
5410
8160
9864
8694
961
416
9839
8458
4506
6757
8010
876
6734
7786
3775
8506
3979
7287
711
6509
2981
783
4385
4476
8554
8373
6149
4023
1691
9217
4854
3452
7376
1069
2145
4688
1484
8335
3146
5990
1444
7507
3217
8177
5292
6991
3034
5623
630
3744
2131
3610
4526
6515
8085
9431
1240
585
3453
9282
9801
4659
9085
3529
5727
7582
8216
7211
5916
1361
9552
3711
8868
2768
1887
511
6111
4920
6133
6740
5016
8263
349
5893
1130
4785
5324
8721
5370
5128
4354
1522
9786
3438
5050
5513
7371
3266
9075
9639
978
4978
3349
9845
7745
5236
6708
207
6507
2840
3298
7874
7455
9998
3767
4936
4783
5442
8
6504
569
4361
8025
6707
4150
9427
8571
1521
2692
7645
1159
3669
2622
4507
9866
6718
6094
2925
3277
2601
2116
6574
474
5922
6572
592
857
7706
6033
864
561
2954
1576
4937
9660
5726
4363
8230
7246
3406
2226
4756
3427
4847
9262
3292
7916
1708
2568
1192
4308
4683
4118
1133
605
7041
1725
7813
4746
4109
5029
5306
7062
6604
242
3073
8681
957
1302
2278
4362
9879
7033
7788
1077
2647
7431
8993
4354
9998
6536
5013
1033
7005
6145
7989
4045
4221
5801
5142
8330
7181
6799
1743
137
7041
4816
8817
4349
2469
7447
8710
2348
4479
6498
3424
3477
280
8768
4182
278
5304
9194
7662
8660
1691
5650
2705
2263
7802
7846
6944
4983
4645
8687
1471
8037
3502
287
2385
2322
4085
7446
4669
4916
295
4445
8392
575
3212
2574
7204
4867
8119
4865
3527
6161
514
2583
8424
4667
6780
5367
6001
1424
405
7471
5812
258
4110
4548
2580
8194
1994
3600
3109
2288
8044
1501
9214
7608
426
6417
8826
4896
1281
8704
7409
8146
1286
5832
2813
8066
7550
8813
5841
4307
6284
1653
4564
393
6200
7143
4938
4545
7095
8047
6833
1490
5899
6046
9097
6324
8815
4275
7571
95
2978
4979
4593
616
7162
7405
5033
1064
2569
873
5370
5204
8877
9933
1948
1429
3428
6886
5973
522
4932
9157
8363
830
5203
3812
3505
4017
8086
7427
463
7415
2406
5055
8030
5919
8811
3062
6982
1380
287
8703
2935
9163
8636
4883
6943
8415
1768
2916
5288
3051
2072
3650
3880
3626
7461
3736
3994
5546
1162
4457
2961
9919
5863
7342
5838
1026
6756
9171
2405
3394
7874
5339
8908
6509
6573
5851
1275
8340
8766
6562
7742
7189
211
7973
815
4024
1708
4808
9569
9222
5616
8881
9140
7831
2575
1329
8856
9330
500
7612
2723
8373
9302
1630
1233
5875
7480
2507
566
2597
5420
8308
9786
1982
6280
600
6005
7988
1759
1926
3561
3727
806
2700
1557
3380
381
412
9061
880
4375
8135
5604
3676
9765
6836
9550
3596
5694
116
6193
7465
4775
2330
9446
1054
2929
5451
5393
1039
7376
8953
4765
4533
8005
2673
4265
8385
3084
9677
5616
7458
7812
1219
7486
3928
4406
7035
7523
6451
3502
67
3915
8276
2396
3360
5682
1676
5162
1074
9067
8889
6379
3831
9774
735
6504
4038
9119
5939
66
4734
9749
7877
2304
7234
1804
6709
620
5679
3159
4122
2097
7073
8749
845
6784
4430
8872
8298
1856
7938
7186
4586
8121
6959
5320
976
7348
4438
6914
7414
5523
3014
1642
7826
247
9798
886
7219
1828
4044
1340
3924
7468
6440
1120
603
870
9992
8900
9077
4281
2438
3662
2401
9396
8981
3376
3096
9770
6642
6861
5292
6007
8502
9469
6254
8299
354
9824
126
749
1163
402
8216
3954
1521
8818
1175
7864
4070
251
2145
6507
3912
897
2254
9244
625
1701
9013
3618
8561
4304
9624
7063
124
2229
1713
477
2052
8191
1225
9566
8592
5792
3520
6464
962
4694
4328
5031
4945
2824
7889
5208
72
6494
4452
696
8195
9816
4313
6755
472
289
169
595
2517
1882
1072
4569
6424
8648
486
5015
4440
4005
7830
1753
5051
8509
3135
6347
1332
1023
1554
1404
7516
2357
8451
5710
8525
9116
8817
8996
9404
8985
9590
1920
866
7013
2840
7289
2013
3326
8655
2804
3682
6485
4556
8732
1345
7690
5078
2677
5064
2984
432
2579
1692
5234
4641
216
4349
3457
5563
3752
8793
5153
2024
6011
8517
4863
9651
529
4540
8306
3332
8222
1142
7887
6953
2486
1928
8383
1514
6991
1366
8297
5922
9409
3531
6914
9625
4231
6722
5187
7983
5514
6691
6358
1524
1560
1220
7527
2088
5760
5832
1772
333
3325
6010
3637
2162
7938
2019
28
1280
9736
4676
3553
9145
8206
6818
5121
2437
3539
6659
6771
5405
3350
3128
3280
4909
699
806
3348
2810
2989
5119
3142
2665
1129
6779
1179
5418
8797
1206
6697
8533
5881
6602
4029
439
3419
9149
9227
3310
5807
2349
8714
5508
5476
1993
6768
6174
9151
116
5336
2139
1586
8477
4804
2714
1607
5982
8131
6756
3539
1180
5288
5771
7781
9316
2561
1199
4816
1787
4508
622
4135
9573
6130
5962
7918
9249
8488
7068
9364
3823
5558
950
8651
361
15
258
2694
4498
7013
2584
5677
8652
4707
9809
4319
7267
7359
9134
9054
8219
9755
9540
7791
2236
1854
5708
1485
341
9127
7200
4163
4685
4501
2813
1397
4516
9422
443
9013
6434
3026
1041
5085
7732
849
9403
4999
8207
4888
404
2777
4643
6295
568
3230
8148
2627
1066
8488
8106
8266
9002
2790
2766
8167
4186
3633
7588
4628
8997
4022
4006
37
5458
1737
7237
1213
3087
5444
6100
9842
4572
7094
6137
5139
6676
636
4118
7741
5476
2223
2358
829
5012
5124
8995
5549
5108
6583
6529
4105
6956
534
4141
8765
8622
1378
9977
1709
3173
6077
7902
7744
9522
390
9235
6197
1026
3352
3938
6501
1926
6295
7329
3289
7770
2676
5189
2878
5610
1717
3334
8917
8602
7474
7681
7224
5203
7658
5284
4727
86
3185
2471
9607
3575
8057
2156
952
7760
6093
3804
9685
8739
7484
2973
6509
159
4513
5738
2120
6230
9071
1036
4831
2896
8717
8406
4451
2726
3689
9177
9163
3226
7999
5121
3152
6055
7276
455
3814
9720
4258
3498
8459
1741
2822
1319
8252
7335
3408
371
9916
8830
7759
1098
8077
2827
9504
2527
1904
9544
8056
1066
2769
6054
2538
2272
2109
6166
2726
5922
5885
3335
5772
695
5076
8593
8365
9679
2279
8124
6401
8546
6953
4159
9644
1382
6985
9147
3908
8888
8690
1963
9953
7811
4369
8843
6434
6477
5008
9160
2398
7244
2494
4521
4291
3921
9466
2655
9951
1744
7131
6352
290
4083
510
6285
1816
7495
5431
5724
6382
472
4038
2687
8282
4758
7881
4716
1234
2888
227
9984
6483
9072
4504
773
9345
3969
9780
9295
2065
6910
5646
8706
7344
6156
4990
9160
2
6772
1235
6383
7243
1624
5421
1877
6382
3301
2944
3967
2540
3170
3950
5375
8593
4806
2499
4289
8774
2278
3584
7190
5539
5581
2247
9235
1736
7236
4746
8089
359
2332
4472
7602
307
6244
9478
6688
5897
2421
7007
8436
1942
956
3810
6886
2113
6309
1175
887
4938
4758
4428
6829
338
6675
2415
8426
262
7160
6514
621
5843
7337
4574
6149
9933
4051
9189
5829
2823
6195
4264
4764
3502
4426
1649
5615
734
2823
2853
2023
3932
7280
8851
622
306
1265
9047
6920
4776
1912
7540
618
5601
2113
6767
5533
2515
5955
7713
5337
8501
1976
6452
2002
2753
8100
7616
9838
7275
468
1861
1206
4100
711
8179
757
8328
7225
7676
3103
5489
1567
73
1089
31
6839
2973
2545
9145
685
4233
7645
9012
684
5998
1765
5136
9966
1602
8762
433
9814
9967
884
6877
8146
1641
5204
1722
5668
4658
3562
7235
1082
1002
7265
4272
3974
9810
3416
1010
394
7412
6374
1078
3410
4490
2565
3375
2443
1326
159
2257
7644
7395
9133
2141
5387
688
3863
1054
1697
3776
8288
2779
4778
5553
7050
5103
1714
6818
2465
2107
581
8838
9536
3990
9679
2100
3716
2121
3425
227
729
1069
7621
9861
9561
3007
6900
3423
412
4949
3551
8700
7727
8328
4252
1128
3430
2317
7945
5894
4423
8526
1083
311
8867
761
2410
8935
9234
2187
5513
9962
9607
9485
6175
9167
8843
3074
8942
9254
8022
2492
7953
2100
819
8556
3228
600
872
7524
2846
1647
2401
3928
1957
7620
1041
718
2906
274
9256
8418
235
8862
7902
6409
4381
6744
5835
3322
5997
3856
5813
302
2308
2983
8857
1887
3582
6081
5762
2779
4079
4515
6707
2387
2134
4099
3104
5039
4372
8712
9808
958
7573
7709
3719
1953
804
9553
1626
6800
9760
7438
7101
8419
6772
2310
305
6706
8390
6067
9484
2468
581
2542
4854
9066
6640
4309
456
7363
3020
263
4673
6945
4323
8391
5249
5126
4295
6875
8277
4054
664
1730
2473
7436
4039
9129
4141
8780
1547
9976
7599
2127
2518
8804
7544
9157
9464
4351
2872
8836
4613
7544
5780
5287
2286
1028
412
6580
4254
5041
6985
4918
6770
5809
8705
7160
1290
9197
5939
2836
9172
9889
1315
1689
8692
8858
7198
4507
3209
6421
3342
4173
3964
9121
9460
2601
6501
6223
5532
754
1263
2516
2023
4384
4677
727
1543
5966
6275
3833
8801
5447
3721
115
7135
8764
5325
684
3271
4885
7104
6612
9057
7419
2085
4868
19
4937
1091
5550
5690
8705
4418
4065
3089
5446
1143
983
1411
7418
4816
6563
2864
4888
3030
6350
3652
8354
7034
3274
3238
489
6237
2294
7908
8321
7162
7926
3257
4604
9828
5299
3308
597
5715
2748
6042
6857
3731
3804
626
4898
366
9841
9785
3395
2543
9788
1748
5928
9413
1337
6416
5650
3631
4323
322
7144
8601
3579
8099
4780
5229
7758
5376
943
6858
7769
4151
588
1572
1129
1837
1937
969
1621
1684
3511
7761
3431
9438
7173
4768
2206
9174
4750
6528
9496
8245
1480
9426
2695
6259
4654
452
7986
1948
7309
2106
2450
4248
3677
3578
6084
1966
899
4057
3649
761
8169
7079
199
1693
8198
8756
867
9299
5283
362
3895
3115
9787
6589
5725
4440
3393
63
2739
7053
2168
5188
7653
5845
5118
88
7810
6016
496
1458
6776
8664
4888
3326
357
9438
2081
1223
8736
3716
7936
2631
6830
7722
5571
8906
8513
5315
8968
7603
2368
1136
2790
20
3332
7907
107
1141
274
603
8950
7050
5618
3837
375
5974
9626
8808
3548
8362
2523
1483
7344
5704
5556
9266
4609
4068
4581
3577
1670
6948
4712
812
3319
8043
5070
3425
5535
5344
379
4484
2393
5997
4672
9119
1970
4298
7926
1870
9011
6800
9704
2706
2503
5260
1971
7112
5679
6551
688
3701
9850
1751
4512
3168
6145
9581
6593
1679
1276
3323
2514
20
9319
3537
9139
7641
7834
3416
9510
3196
216
9213
5901
2718
4472
7872
9829
151
774
6868
203
624
8618
4714
3791
4762
646
6735
2792
8274
58
5305
8293
9376
8842
3783
7016
3027
7199
2877
6223
3766
2090
8475
6483
2913
6346
2664
9415
7120
9531
9617
7743
4501
682
7885
5614
7680
4620
8406
5953
4677
62
4245
4052
5255
8028
7420
8282
1578
296
856
5343
2385
9330
1825
1650
2028
840
1064
5499
371
681
9593
4871
1362
7477
484
9041
2096
5241
1345
6772
5303
5590
7176
557
9969
4595
5190
1546
1242
2397
6888
9979
8079
5064
1628
6458
5904
2691
1956
6274
9723
1548
7496
7437
9024
4331
2829
7472
5924
4174
595
1226
9763
7770
8134
6083
8716
3324
7628
6310
2072
4515
6288
6502
5930
7915
2959
1833
6957
4914
4458
6680
2813
8305
4116
1837
2636
6944
5660
8559
7469
6254
6136
3583
4024
4269
9665
9091
3944
7292
5400
2368
8158
8039
8869
4088
5953
1828
2272
2910
6741
6730
9589
5906
5034
56
4094
4021
3351
9753
2579
820
6006
5066
4402
6381
9335
4067
1824
9630
7710
3575
1997
5868
1614
866
6307
7566
2693
8578
6827
5785
1659
2767
8042
6693
2822
2135
713
6173
1887
9644
3344
7893
4709
7745
625
395
8163
2448
25
5873
6023
8373
8092
7636
5590
750
1553
4634
5679
8380
6771
7338
1146
4812
382
320
6947
7446
2844
8833
7089
6187
3077
8150
283
3702
4896
8446
6149
1272
670
2171
9645
5113
6158
5234
5862
7711
9868
7892
6090
6638
1581
3587
7801
1962
3906
4747
9408
6749
3580
2848
2935
6656
7349
3218
6709
2245
8015
2858
3516
8684
1380
3160
148
3890
4746
2361
1600
965
252
4041
3954
1833
7627
1754
146
1533
6501
9553
8281
6432
8753
1216
9439
6101
785
6148
8345
8799
5357
1861
3834
6736
1372
3981
6977
2469
6341
8576
9785
2944
2616
3738
4776
243
1844
4922
1775
4696
826
6407
7479
9578
7622
6917
5679
4758
9416
375
3556
4772
8587
3741
7860
9959
4073
4836
8779
413
3412
8564
9709
2379
8653
4484
8973
6848
5757
7099
7895
2935
3506
5373
2512
7479
2290
4542
2237
8057
1269
2144
2829
9855
2237
688
6165
6309
5523
1296
3074
5286
9859
2782
4017
4863
7265
2989
1711
9374
88
9605
2308
9945
1330
1171
7423
9971
2065
6011
8027
3333
8155
855
9539
391
7894
5704
3051
9769
6999
6124
5054
3209
8905
5422
4423
2522
4763
2485
1895
4850
2090
554
1146
9771
1724
8568
9741
3788
931
7767
3472
5437
8622
3011
5827
6515
5066
5229
6283
8416
1353
7689
1624
257
9462
6046
2778
4224
8531
4672
5425
6972
5225
6570
3094
3301
1490
2834
3440
2420
600
6912
7856
5573
6274
34
8440
7691
5262
4722
6106
6614
8762
4081
3223
8224
6478
6000
8799
1360
7024
4224
4683
2248
793
7776
1900
8634
609
5340
1053
7561
8603
5260
3133
4876
1645
1572
2566
3259
2646
5023
9872
7759
9103
9446
2334
5580
5446
1133
3292
2469
5356
7974
1068
6148
5750
2968
1134
2710
4659
2186
270
3261
3798
3403
4488
5442
1326
3405
8700
323
8427
4924
8082
3881
4369
415
5812
6166
1547
9103
8634
3254
7077
6054
5754
2826
5373
6887
1887
31
9072
2157
3291
9221
1911
7778
4663
3236
7534
9714
3559
5960
4637
7992
9840
5358
8406
2003
1523
6305
1106
6509
9558
8182
8914
5311
7359
4286
2197
9245
4316
7621
7753
3958
6841
9663
8087
1503
9251
5620
7569
9161
7931
2205
7152
4122
3914
1909
6124
1789
4565
7229
8297
4123
1762
7210
5785
5472
7847
4334
4717
8514
1954
8821
2471
5146
8484
6909
6649
4086
2528
569
9598
6810
2773
3101
931
3039
5009
7054
4827
5926
635
9475
6400
2396
3036
2184
7868
882
6517
8936
9395
4822
4108
8217
9968
8943
5125
2968
3028
4004
3536
2625
813
2660
5725
1743
5698
7086
5148
6876
3011
5782
6350
9410
4530
9385
7945
8749
6618
814
4036
6012
5635
8143
580
5602
7086
2056
4921
6465
6059
8456
9090
3223
7468
1166
4965
3165
4603
6465
6393
3965
2246
2742
9726
3127
8479
7671
1875
5096
8484
5910
7460
470
4053
8039
2424
7490
95
7344
3954
2505
2152
9395
5728
9619
561
7044
9135
1515
3508
5527
5480
2106
4621
5205
5232
3099
2875
3459
8194
7710
5720
5653
4532
9772
44
6955
3613
6490
650
7567
8994
2801
6961
1073
8771
7521
8117
7906
9036
7976
9784
867
6433
4404
6071
8017
3854
5298
1475
8400
9359
7194
4052
3890
3318
447
7196
6930
6936
7846
848
2282
6998
7809
3354
5769
1681
7822
26
7068
2150
6161
7934
8582
6917
4005
2950
770
5654
776
9169
5012
4322
9573
5254
3991
19
2449
920
3307
294
1768
5588
7292
5928
5293
9412
7608
9467
9437
4676
1616
5597
2609
6549
2513
2965
5851
9635
8618
6626
8803
9982
947
4727
5235
4937
4746
7683
2209
4404
4329
328
6343
7972
2607
1635
7383
214
7453
3171
1241
9068
5119
3850
1969
3984
3166
7819
9970
8136
796
8772
8117
8095
9851
3351
9383
948
7385
7943
5351
8065
4622
1693
6036
7228
9679
9770
7442
7132
9292
8682
2551
4411
8883
871
4746
2049
5041
4715
6536
5837
9838
4652
3931
9688
4354
9665
635
8090
7608
2337
6155
2229
4029
8542
9457
60
8312
3250
7191
7603
8283
6093
8365
3518
6964
3110
1918
2004
4176
8453
4192
4014
3104
4474
53
3809
4139
688
1898
8098
3024
4404
6678
3405
2946
2486
3464
1257
5735
7006
5211
370
9450
3576
3887
2765
3037
5804
1121
7213
608
5312
7578
63
9786
7630
3871
276
4669
2120
8373
7693
6524
1402
7449
5821
3888
7264
7077
9622
621
8639
6343
70
2214
229
2835
1603
2384
3955
8815
2991
5618
2744
3053
5403
373
3275
2030
5042
5395
6754
9086
8270
8156
2886
4090
2043
149
7518
8016
769
2508
4359
838
4722
939
24
2676
3323
3978
7842
2665
9596
585
5718
1350
957
5344
9732
2350
738
6485
7787
5359
992
672
5800
9386
820
9669
7402
1588
2177
8112
8778
3250
9050
8801
5925
8724
9131
3766
1389
5078
4350
3458
6427
1658
8801
2510
360
5891
8995
8146
1249
6338
8818
3401
5724
9637
3069
9477
7577
1597
7588
6354
4846
2989
1506
7122
1713
636
887
3101
5713
1588
2910
8492
9598
1710
1001
9957
7600
6347
8102
5201
9037
6919
4953
4760
2908
4373
588
484
5970
4527
3189
815
7515
1046
7937
9227
8034
5175
8679
98
3115
7940
8589
2712
9650
5942
9020
3601
8640
7121
5153
7676
392
105
8787
9651
4478
9374
6486
6799
3900
6026
7613
1415
7071
1901
6993
5104
3428
2024
5202
2894
9963
142
5605
5964
2435
976
5917
1075
4448
1069
8750
4839
7526
3889
841
8355
3262
7326
5153
3514
3351
9117
4928
6774
7370
8272
8229
7149
6647
9782
42
2962
9924
1998
5277
8710
2973
1193
9784
7420
8614
4886
8611
2491
8774
9451
845
8387
3129
2349
1900
2831
7817
3179
9604
5186
7803
7833
8686
4449
7614
8727
3762
3889
724
9039
2599
3696
231
8734
7468
5196
9971
6078
7686
5096
1880
8530
3483
5008
7230
1734
7839
5047
4913
7442
6584
2715
1626
5270
3515
9240
3996
7277
9480
1072
2667
8430
1119
9249
7164
8586
4445
3486
1015
2130
8582
2895
7012
8416
7902
4241
149
5740
5639
5061
9534
2223
4127
1159
7492
3994
6750
7839
7622
2582
8910
288
1011
6381
9536
4526
4966
332
4364
5981
8814
2945
5227
5825
1360
3128
6417
7860
5220
8408
2921
1105
630
3399
8615
4473
7392
1717
8663
5013
4298
3925
1652
1660
305
1188
2538
5270
7871
6901
7602
6684
6197
2828
8860
7556
2308
5277
1767
7527
3684
4687
8631
665
4438
3597
5137
8181
5313
151
9546
9610
4075
1197
7622
4379
8736
159
6001
6607
7059
3602
3290
3255
2782
2150
7162
5089
3778
8928
8967
3813
9967
3949
4477
756
7545
5965
8936
2858
6115
8481
8819
6542
9678
6440
920
4765
2950
6920
1371
6360
6874
1013
5966
9655
9514
3127
1095
3291
8407
61
3455
4725
4009
7931
5480
1553
247
767
4410
2713
5600
9581
9254
5277
6020
174
6393
5322
3445
7764
1681
318
5128
7647
6324
4641
7125
7418
7931
1883
3830
1385
6607
7838
5667
8438
9391
2265
5557
152
4977
1156
9732
4231
2784
2104
756
9176
7425
4200
6939
5457
870
2066
3103
7193
3058
228
963
988
2110
4792
8724
5069
2630
742
9858
8372
3006
5414
4875
7983
6569
959
8565
9352
3062
9320
8528
6838
3519
1818
2294
740
236
5397
7933
3293
1976
5247
633
437
38
5708
5505
9019
6450
5363
3742
5807
7128
8617
141
3697
9575
8705
3048
8988
8024
7927
2177
7895
9745
4470
8634
9980
6218
2918
9624
4545
8164
256
4982
4554
5964
6838
9924
8765
8552
3666
4571
5680
2282
1064
9376
8208
9768
8775
3547
4144
3054
5723
8390
2798
6544
7023
9129
2762
6293
5104
7306
808
5360
8639
5361
7675
1829
5285
6439
380
5302
7361
2411
3935
8424
8138
2142
8192
3265
2040
8687
6318
7762
7076
9115
4305
450
4595
3418
6742
9698
724
3902
1409
5714
9262
9083
7542
898
1873
4274
6199
9234
6684
133
4009
4822
8626
8552
8086
665
7238
4403
8426
4313
9869
9083
1115
815
2500
7856
6864
9575
1757
8273
5289
7371
3707
9182
4620
5580
3455
819
4813
139
7303
8821
1312
2281
7373
5749
2945
962
6503
7723
1627
2723
6805
2741
3537
5656
6948
400
5231
8705
5024
6871
2427
8731
6052
7046
4310
9507
4216
5474
5997
7871
646
3660
151
4370
9408
3095
5332
5910
7169
6958
8632
3973
9698
8520
5981
6645
5271
1211
1701
295
4433
4127
9025
484
7525
9686
6342
1740
5159
2338
9610
5804
5997
6112
174
1756
9207
5505
7665
6375
8814
2648
6700
8511
7519
9032
5155
2790
242
3208
1709
865
8977
315
6253
8098
3115
3890
3204
5972
6524
8593
6937
1983
3116
1539
35
9903
1779
865
8445
4348
4953
8864
4858
7167
1287
363
5143
1835
9294
3203
9051
8270
9870
5303
2719
2984
5544
2274
5307
2068
867
2244
402
334
3782
6788
6588
1913
7653
5033
2612
2605
248
7469
6123
7887
4183
7617
9721
9828
820
8771
8097
7041
425
7167
24
5968
9441
5330
4387
6659
3925
4789
6992
4059
1576
3580
5971
5580
4964
4934
8184
1563
8754
4306
9449
2936
1923
5521
9116
9094
643
3564
6134
7419
731
2509
9739
171
4190
4125
3181
8115
5265
172
2173
3193
103
4495
8772
1418
5780
6956
2981
4533
7613
8781
3820
5887
4302
2935
4980
1296
6499
7465
8715
7229
9973
8453
3751
4163
8929
6931
8629
546
3454
7153
3738
3557
1647
8861
4974
3778
2168
4306
8310
9781
3087
2129
5667
3740
5064
6999
1387
1562
4463
101
5142
788
4905
8892
4950
186
2174
3578
731
5627
7082
820
9183
8728
6032
509
8857
8200
4814
7166
4332
7900
9294
6350
7991
709
3348
9378
8622
4163
5830
3763
4950
7087
9006
6251
7272
1179
6180
4354
6806
3261
1525
2340
8340
7556
2848
7196
5755
7662
4361
6438
1913
6
2788
6256
715
2487
5633
9336
6649
7814
9451
7950
4900
8456
4200
8523
5987
379
9228
2792
9991
752
5131
8330
8308
4331
5525
414
1992
6237
6852
256
6243
5991
6511
3309
8477
8495
8996
1478
6309
8446
5779
7560
3254
9979
2435
9240
6709
1662
2031
6700
8766
3513
5029
3425
7843
6906
3838
6186
3142
7041
6442
9384
3031
2952
9044
7860
7799
8040
5689
4107
6485
1467
8018
6090
7797
6804
5329
4506
8466
3711
7557
3583
7224
8937
7007
1418
5842
844
3956
5336
4237
397
1071
7267
9700
115
5126
3850
4506
7166
7956
990
8633
2326
3432
6429
9129
8760
7286
3946
2471
1194
7528
6046
131
886
3815
2324
8082
7770
7659
2318
4518
5082
5936
570
5196
7414
4419
9701
4579
8727
7042
3211
1052
473
5992
6532
5585
3277
478
8055
823
4357
452
953
1595
4266
9628
9676
2036
3639
8345
6553
8720
4280
7122
3915
1693
7893
9967
2624
6619
3360
5834
7670
185
8177
4201
5769
7806
1030
3823
8628
1739
4274
9580
3333
4891
9207
9360
6926
9197
7704
9831
7916
1983
3304
8182
28
1196
8148
2651
7814
7860
4836
1835
8044
3013
2388
3812
818
3417
3986
9445
1507
4611
5376
4839
9501
934
4198
6427
131
1901
2609
8046
236
5912
6228
6615
7108
727
9265
1273
8586
452
3108
6629
3464
5495
6792
633
5263
777
77
6770
5387
1804
1608
1240
2738
2158
4018
9220
410
6626
7265
645
2537
9844
7259
5996
6923
2875
7269
1860
3327
376
4841
3142
2222
1632
3775
7484
8761
203
4253
499
2007
2213
1738
4744
4370
5755
315
4779
8732
7579
1776
1269
3775
5386
3616
7049
8261
884
8908
7939
7611
3748
1080
6184
1732
4854
3668
492
5057
4272
7342
3415
6484
9080
4510
853
1186
4824
1984
9918
8754
3759
7538
2528
5496
7505
9576
108
8389
4836
8046
2351
8583
9126
4887
6666
331
8554
3509
1739
9177
851
5153
5661
6282
6014
2865
7467
837
1200
3736
9591
1310
7625
8470
6806
5130
4398
6913
9870
9233
4959
8572
7815
436
3458
833
7118
8363
4341
5209
7540
5191
6713
9552
1472
2727
8768
5291
3563
9968
5378
9505
7629
9355
7975
4434
4484
2372
7699
705
1604
9009
5628
5770
5796
9086
2954
2913
3800
7295
8121
7691
8837
4834
7242
309
3912
2362
1951
7474
8681
3680
3331
6309
3034
1305
7095
3869
28
4793
925
7983
3801
6553
3752
5948
5638
3058
8860
5789
352
3333
3480
9188
4518
7073
5848
8429
9434
4150
5902
8114
7830
5584
775
7215
6888
7869
7436
3267
2661
8360
1249
2813
4912
1353
8760
6901
4410
3971
9042
4761
7303
2521
3948
1820
9593
6148
248
5379
297
2502
9844
8126
8085
618
1693
1325
8486
9128
4591
7498
3839
2192
310
5103
3544
9069
2003
7953
9392
1044
9065
6694
9916
9364
4866
5861
5511
1465
1239
5808
318
7434
285
4755
8052
8329
6079
2889
7456
7021
387
7647
9212
696
2749
9107
6117
1103
7059
5508
2147
6123
8553
8414
5487
3418
4274
997
4883
1864
3156
1552
9298
9793
6306
3701
8121
8736
6589
1929
2109
6975
9575
1320
7671
2323
427
139
3425
3837
5646
1923
6312
4198
337
1798
3968
962
9146
5202
9178
8654
6753
8475
8446
3059
8527
2918
1794
5115
4846
3902
2090
4420
1574
6112
3094
8352
2602
6519
8540
4599
4793
4851
8796
1481
6648
9115
2443
2146
4316
1620
799
7421
6446
5596
479
4972
8513
8624
6438
3359
8878
8527
4130
6803
990
7224
5154
3591
94
45
8189
4886
4896
3337
2719
1543
8803
5161
40
3119
3132
7190
539
5929
2785
7369
7252
7650
2344
3689
1008
1221
8568
1489
4375
9557
5064
5880
9500
1509
5925
4040
6395
820
3728
9113
8714
2531
625
8754
2001
108
5943
8891
6036
5080
6259
3287
2729
4954
3327
3736
2527
1894
1576
6901
7803
6640
2781
3654
8148
8705
7693
894
5876
1421
6358
4589
303
3334
3342
2303
3441
5637
1193
5828
716
3803
9114
3444
8756
2441
3531
1282
686
5106
4535
8488
8097
7315
2141
2597
2371
6186
9842
8246
3958
2552
9186
4260
5885
8880
2914
5678
4516
458
1505
5231
4260
619
5026
9367
9411
8556
7001
96
13
7887
4936
4462
1553
3428
3410
3923
9613
3251
8520
3570
5802
4057
4181
8039
2936
7094
3716
7451
7551
5220
9033
8162
2190
4058
3881
7952
8965
7233
4400
8978
5119
9335
9791
6671
2762
3200
6945
8727
6450
5464
8648
8604
9520
2829
2994
8808
6274
6709
6258
3825
8280
5291
8338
6822
5700
2218
4773
4665
9450
9172
9994
4568
4858
9784
1238
3972
2983
8182
9050
5784
9997
7697
739
5869
525
3732
4676
6799
6792
7285
6975
5072
2575
5312
8245
4627
7530
3017
9291
3331
8541
9284
7899
9750
9067
5488
73
8401
3670
9122
4184
18
6819
4923
5886
3695
5006
6913
6845
1798
4198
3819
3221
3124
9131
1465
7750
3012
833
3392
6342
5725
2675
592
1827
8093
6080
1899
6493
6101
1021
7029
6118
4191
8303
8356
7885
3308
5268
4730
5105
5817
8548
8325
8941
4030
6141
6690
3393
3326
82
6087
9050
9108
6678
876
3553
9109
9127
45
5209
147
3425
7679
4337
1727
6034
8573
5035
7653
3302
139
3470
8202
4816
8762
8583
7308
5451
8328
633
1884
4414
6035
7344
7443
6910
896
6552
6036
940
1760
2534
717
9438
3222
2443
1823
1795
3829
5828
5096
3968
5649
9649
5135
4410
8232
8794
6212
2911
9427
8096
7324
5461
1791
4766
8722
2686
1317
1110
9977
9429
3643
693
8866
6865
3136
7041
5011
6964
2868
106
7283
8516
6107
8769
9277
690
7563
5488
3600
3341
9935
923
8801
1725
2040
7522
4410
9709
4983
4387
9137
8626
1431
4354
1842
4566
1394
6852
7882
613
3309
1516
5480
9415
6637
4756
6456
551
6596
55
3891
2882
7329
2691
959
9369
6564
5368
9077
7899
6106
8213
6524
3889
8918
4717
4806
312
7920
2687
7276
1228
555
2756
6995
7191
3863
3450
7741
6810
9857
7983
9692
7185
7025
650
2905
3588
2369
1981
1486
4827
6545
4361
8715
5463
5429
3520
2126
3348
2559
5753
4576
3113
4860
7922
6655
8723
7723
747
5532
7579
8729
1575
1116
5753
2224
4020
5692
945
2353
3530
5771
5249
4242
4485
711
9671
4356
9188
3018
6914
1293
3945
6378
6152
1866
9384
4874
5941
130
6758
9871
5210
8332
986
7314
6908
5006
9358
7852
7358
2887
3622
8958
3480
4458
9669
3150
8813
5208
2520
2079
2852
6464
8456
9004
4682
7840
229
6974
4321
6986
6844
5883
1670
7830
3196
8577
9187
2553
2780
2896
1791
2753
1853
5271
3562
7873
4772
2374
9433
3643
804
2284
107
9260
1287
1140
3451
1516
8113
4123
4853
4956
5
6522
9137
3201
1450
8323
2105
4229
1218
3896
3333
3071
5518
6894
7295
289
5620
6727
3932
6423
9011
390
2034
297
7881
1836
8164
2345
5959
3017
7300
5963
5890
2789
9163
7340
1111
7620
7920
8681
1515
1253
8103
7032
4498
5397
3672
117
2124
3955
6540
1134
696
4925
7782
8576
6761
5946
920
2719
5314
4572
8681
1203
7360
4196
8542
4822
1815
2814
3502
9681
418
1604
3064
4915
7001
6735
5032
5476
7042
7923
6609
7737
2847
742
2665
9607
6687
9936
2325
2000
4507
7358
3203
8218
7905
8096
3040
6071
909
6541
5751
7678
4497
8814
2593
7849
1900
7624
3324
5293
1898
6284
3030
4744
7025
2046
703
3712
1981
9379
2063
6488
6736
1617
4705
992
9713
4096
7062
6973
6989
9164
4651
1485
7977
3595
5685
6229
7570
9008
1521
9467
5291
902
562
2315
2947
1264
2378
4928
643
4441
7767
3730
2409
8823
4722
8473
2919
8135
5446
6259
7299
6448
7743
1627
6394
3427
7855
3963
8786
5728
9781
4076
6629
342
2742
5928
1606
5120
855
8600
5912
4973
2329
8320
3795
3402
3145
6713
1537
4942
2971
5187
1389
7065
6813
4134
6843
1020
8096
5628
6747
4228
6055
9727
4569
8797
5654
2526
268
2860
1125
2531
7832
9806
850
1627
3207
346
4691
1095
5287
4014
6281
3027
7430
9446
7160
4273
465
1607
6252
3563
5834
8659
3289
403
3807
5295
2928
4074
8154
405
6604
5986
210
3805
3964
3416
4151
8654
863
9437
9019
7143
2464
6449
2940
5975
7073
3404
7582
3324
6966
3415
8334
6607
169
2140
1901
3097
6213
54
3501
9168
2391
62
9325
6354
9829
3475
1360
691
9263
378
4186
8078
6826
7125
4053
3898
529
1634
3574
3846
5048
8259
452
5217
399
2352
4665
2963
8758
4517
2131
1148
4578
7807
3854
4406
1281
5213
1449
6895
1942
5634
4973
5120
2758
9025
9017
9638
658
8942
3484
2057
7201
3935
3625
3951
2639
4641
6913
7748
5509
5395
5247
86
3201
9100
844
833
664
2292
7728
2606
4277
2700
7725
7034
1724
3093
6672
8733
8387
6507
7141
1939
6793
7118
5889
9431
1758
9153
7178
7267
4548
2425
3704
4100
7876
899
4933
8540
9542
2660
7497
3818
1711
1573
7204
9786
1017
227
8518
5755
6733
2010
7693
3525
9127
9933
2956
885
9086
6485
4503
9985
5261
8206
4084
9489
9105
9016
8028
4998
8027
1876
8816
9737
9800
6019
9522
7168
6245
4391
2923
2977
6401
6967
2853
1879
6900
2160
2763
2337
4997
7265
2321
257
1823
2756
9745
7279
8124
4124
2276
6150
2351
7443
2239
2150
3461
1760
5670
6057
2503
8592
5385
5255
5558
8238
7133
8809
6749
6248
1145
1745
9864
9817
2002
1686
2573
8098
5316
696
2222
3944
3197
924
1386
5435
9426
1199
3547
5095
7255
6049
3686
8992
7655
5595
7229
4787
4404
3977
1034
1900
2074
898
8069
4075
8935
6993
2172
603
4040
745
4546
7236
8021
5931
2671
7446
7129
2569
2540
736
8617
2577
9727
2623
8171
3307
7409
8926
3635
4795
7178
5708
2044
5246
6134
7330
2238
4658
7932
6277
1754
2477
9864
9774
4760
8886
7219
1888
1454
6110
8975
6422
8686
8701
9044
6857
8359
2805
2134
1994
7599
9311
7701
9642
4556
187
6971
3145
4844
1255
5773
6597
3731
5637
6371
4842
4522
9941
6730
2328
6051
2056
5101
4736
757
4145
7944
9115
6949
78
7460
899
5740
1513
6892
6648
1699
214
9792
6542
1468
5565
3138
1551
7553
5860
6392
2074
5801
9473
753
1851
1529
5854
6586
2285
6350
882
7751
9650
7311
5211
548
3050
3075
7439
9697
4773
7652
5841
7666
5472
1405
803
7022
8957
3015
3413
7382
8815
9238
4487
665
766
340
3602
9402
3041
835
3504
2690
8145
8714
3237
7547
8140
7027
3595
2912
1030
9435
577
6501
7191
7732
3522
2499
746
3287
9881
9560
2524
719
6576
9641
7410
6529
9042
450
7364
2545
3139
5508
7611
6375
3054
5750
3401
6649
5014
782
2435
1942
7283
9626
6025
7156
2124
6770
442
8356
2681
9317
9074
5608
5309
6483
2137
4350
6932
9500
3247
70
5007
7209
2796
4413
9310
2548
7413
4323
3330
9847
2617
612
9472
8641
7767
1596
5411
4561
6303
4443
229
5377
51
5538
1859
8539
6239
5143
8038
5837
5212
9396
3045
8008
3808
2355
6907
1220
3029
236
7419
5645
847
6890
4286
4966
4837
6048
5878
1140
6842
6106
2868
3244
7995
4726
1782
586
9868
9819
6422
1432
9215
9467
5791
9374
8173
2697
6946
1201
2933
4364
3198
131
7605
7483
1448
2442
9882
7325
9933
6723
9783
2800
9967
4129
3877
8100
4714
97
7919
1136
1528
3485
6954
7318
9210
5126
6366
6155
2678
5650
518
5875
2133
8123
9709
3580
6916
9590
7257
6848
2665
7039
5999
8983
1167
9875
7082
2233
9971
1352
3368
7850
1188
321
1519
398
1798
7885
6552
827
9886
7070
6702
2018
1544
2762
5598
8459
8704
2854
1658
1368
6244
4008
350
3762
3882
3783
5994
205
5135
5713
4406
2674
2385
5925
3071
4182
161
9623
1361
46
3044
8062
2064
939
7175
4013
5749
5878
3218
7406
7245
5813
1413
3946
9574
1646
4081
1920
8202
9215
7632
8960
8240
6369
4884
1311
6902
1396
7285
8262
7793
6680
2675
6208
7618
9850
220
9718
5727
9789
7123
2972
5601
4887
3269
1527
2884
7349
3446
7438
2915
7429
6397
1155
3797
7632
8817
7051
9027
6101
5312
3171
9132
7987
9379
3101
7836
5950
2818
3562
5739
6292
2885
1339
7530
6154
2865
413
3502
2662
7850
6417
91
598
3923
239
8229
2739
7289
3607
5191
8953
6778
4322
6939
6156
7422
4774
8457
239
4687
4195
2882
7572
5534
411
3725
4750
7175
3578
7412
1377
6346
3854
1974
268
444
203
9358
4085
3809
4548
3037
6938
8869
9975
9445
2642
1100
7902
9232
5786
2096
2113
9709
3981
2523
3433
5083
9698
3363
2494
7426
9708
2699
9399
6328
3142
5953
5685
7226
6114
233
6614
3051
5453
6588
8848
8095
4039
6749
7326
6177
5196
5791
5885
5529
8313
9318
611
4362
9032
9456
1787
8739
2154
7538
1418
1647
3490
3455
8873
9603
3687
5486
9006
5491
8426
7853
9937
8816
953
7263
4992
6148
3053
877
1676
7717
6546
8638
8431
5577
8093
6569
667
6598
4106
2085
8245
3948
5539
7117
9902
5577
8954
8907
7419
3731
6759
7356
2547
7711
970
3890
211
374
4766
8238
8090
7663
6876
2872
3239
1320
5793
258
7918
6250
8694
6162
197
584
9630
99
2512
4935
9005
9930
8666
2116
7285
7564
6178
4606
1453
6388
4979
2571
978
9421
233
4205
8644
9824
5524
4436
81
9793
686
8774
5954
882
9357
1935
7332
1868
6870
2689
8149
1887
4804
1786
5802
7333
6391
7254
73
7722
6176
1050
7142
6409
5254
5785
6232
7129
221
6312
6922
7258
1437
9227
8139
7145
1162
1823
5364
4383
4511
3512
6269
5666
5297
2070
2998
8040
5675
9422
5761
1851
471
9254
4611
2076
5038
842
5557
1610
3505
8830
8867
1293
8056
3358
8437
5569
5180
3800
9951
9690
3663
6219
1707
5312
4640
4704
3351
315
4126
5463
8517
948
4716
3127
9376
6105
3968
1284
4067
3824
113
9285
5116
8168
2642
9904
89
4173
55
39
214
3717
2610
1920
9028
7249
2976
8730
3915
3453
4192
2431
4400
8907
1909
127
1364
2228
1410
5430
6051
1522
1066
7518
6042
60
3773
6130
4232
3827
2520
798
7544
1481
9069
2923
5082
2044
1653
8996
5496
5844
7779
6248
1103
6039
6374
2466
8267
4136
4247
669
2009
1664
8187
4402
1723
8311
6883
2307
2138
9403
3104
6033
883
2172
8955
2316
568
607
1312
6063
6451
5442
8662
7553
1480
5036
6370
6098
5523
6968
6767
7531
8631
4953
1933
6706
9615
8815
9012
1752
4569
8467
7784
1804
6990
6739
4119
7557
7345
1782
9972
147
3575
8633
4051
5055
3668
6772
1152
5542
3739
4270
3073
8722
5574
1357
5427
5189
171
790
6940
1092
9256
1076
2895
6245
7814
7013
154
1510
5147
125
1657
8721
8757
2059
127
8777
8831
1279
4318
8921
1900
7390
7642
7474
5098
9420
2662
1621
209
9601
2712
5816
7028
1958
8413
4841
8970
8566
2703
468
8690
711
9189
7446
2769
9315
6222
1599
6945
540
520
8845
4281
4513
6318
9379
285
8979
7351
493
4931
62
2661
1959
2019
1073
3151
7340
9638
5853
7808
8327
2915
6996
5772
5684
2662
8346
3634
9607
8885
505
8451
9517
5018
4768
5247
5302
98
2597
2146
5028
9010
4806
3338
7380
2230
2841
4720
1867
8693
8879
193
7960
2226
2317
3643
4887
662
7276
4493
5898
7781
9295
1766
9150
4062
7013
803
511
5961
9300
1891
4971
458
5228
2350
2687
8068
3421
4554
3113
8651
1098
1072
7228
3414
1066
2115
427
4693
2959
6324
8825
2254
8090
7974
2667
1454
5128
3178
7414
4428
5068
8736
4885
6647
7438
7571
1067
858
2124
531
5861
3222
7954
3088
2987
9019
1554
3414
3711
865
9737
2536
3118
4178
6861
2136
5631
1989
5313
3045
2768
6732
1780
7652
9731
9217
1574
797
6427
50
1327
8639
9623
9280
8078
2609
4650
9632
2374
8360
496
8463
7247
9965
2640
460
2100
4623
2448
3765
7667
1567
496
5798
9218
226
1367
7143
7374
4145
7192
8700
9135
6814
4331
7212
5775
8980
6843
8148
3692
3690
6610
7290
3654
9250
7749
5754
3872
6548
9518
7890
8114
6365
39
3683
2943
7757
826
316
8253
8017
5368
7387
1183
9698
4599
6957
5030
7793
5104
5073
1483
8066
2362
5136
3667
6463
7241
7538
3010
3110
1779
7476
5827
8169
1158
8769
2278
8335
9084
530
2704
4451
4269
3886
501
8867
7194
5530
6659
8649
6954
4493
6714
9315
5981
380
5777
3221
4269
5139
2683
2399
8966
8509
6920
123
3629
9197
4810
2712
6078
7513
3515
346
7750
4015
9212
1295
5896
2223
9943
2849
3067
3009
8515
9047
3388
644
8620
4009
5782
7654
2759
4747
2514
9678
1221
6142
8874
2382
8853
4952
9894
8719
1649
3995
9085
7213
5289
4980
9435
1584
4180
8853
4592
2695
4252
7979
3338
2871
8339
5471
524
1098
6569
3037
7127
4141
5530
6001
6523
4382
7304
2768
9453
8952
6763
8537
6164
8403
3517
1950
9986
7696
7155
4577
6742
1406
8908
79
4276
3598
1901
1151
4695
8469
539
1822
8962
6068
4174
5484
6801
7829
4603
2605
3132
7717
1142
9296
6120
1010
7597
2457
5057
4751
3386
1799
6156
2293
8229
6783
5890
130
4285
6937
4950
1175
5110
3911
3594
5635
5746
6747
3463
6701
9351
6594
4417
492
2241
6888
1501
6190
9345
6558
7292
2730
4708
3448
1374
2936
6582
3615
3065
867
551
4367
8393
2012
4629
1987
3998
6727
8733
7460
3427
8083
406
7843
4927
8998
4731
6427
5187
427
9336
2479
3156
4043
2278
881
3331
5211
4495
2747
2429
1398
7113
822
9761
8094
2808
3759
4820
7892
7570
8246
2326
7975
2440
7252
3325
3522
31
4863
3948
9366
3693
3455
9761
2322
4335
9443
7533
5182
2189
9961
6579
9302
7134
6339
7395
6293
6449
8566
4184
4019
6811
6510
8345
5602
113
1669
9124
143
6532
9423
5861
6576
2878
1973
8898
3564
1415
6430
5097
3603
2742
1675
9256
9876
4366
3002
2520
7166
1567
3056
1184
8377
5917
9529
3979
6029
7549
9454
6172
432
8876
8384
7008
8105
356
5905
8021
1770
8686
3117
1724
1427
1144
980
7654
1861
3981
6526
9026
5548
9581
210
276
5497
9738
606
1525
3638
59
4048
4070
5287
2431
1077
3391
9138
3333
1411
907
2018
4528
2631
9796
5671
9962
7450
7531
3942
3975
6556
9489
9907
3117
6117
5403
9206
6722
3279
2844
3133
3679
6913
8419
2461
4341
1809
1599
7673
3220
8857
9690
4099
7839
9485
6121
7800
3286
3
1742
3612
2910
7582
3518
6027
3698
5272
5232
420
4903
4427
3552
4933
7691
1970
7393
2031
130
5343
9703
9701
4200
5744
3799
2038
1581
6271
9838
4866
6273
7931
4830
9183
5512
8347
5209
5562
9971
6792
5981
1225
1219
5884
6157
5261
4205
9901
7292
4334
1596
3346
4035
5795
9090
4185
4184
670
456
373
1887
3080
8303
6716
2262
167
1415
3822
5728
7737
6966
8060
8961
4536
3943
1469
9796
8147
7721
7087
8832
9316
433
9218
1462
5874
9755
5646
2895
6562
6018
4781
9641
673
1497
1903
839
9263
2076
2918
6999
9041
977
2311
3576
4919
131
3372
9417
7851
6810
4600
3519
7242
3818
4980
9467
9924
625
2361
6485
2995
7142
6125
3667
4990
4379
857
4252
6455
3774
7602
5495
4750
9912
5423
6020
42
8794
1788
4244
5603
6387
7762
9197
6556
2742
8663
6479
9718
7376
9315
2712
4517
5440
2730
5858
9818
9938
6461
2624
3711
4062
4471
4812
3973
9893
7183
366
5038
8970
4609
640
1709
8723
6188
8264
1464
1203
1095
1181
8578
409
245
9446
2200
2974
1655
8370
2912
8115
993
2974
2176
1815
4138
2500
1707
1320
9217
6744
290
177
3736
1998
8899
9923
6613
362
7477
4059
7895
2406
4468
8139
1851
3019
7464
9857
1388
6727
7971
8733
6053
146
547
190
8997
2254
1509
8213
5349
8150
8390
9084
6499
7288
5359
3112
4002
2835
7170
1896
5241
7989
6386
3443
1008
201
3300
2395
6928
7622
7479
2980
7768
8026
3169
3116
6631
1029
1329
1979
9179
9718
1063
5677
3357
6421
5140
7358
5607
2310
5605
7199
298
1990
6994
7657
2191
6645
6404
5470
4266
3882
4801
8385
8259
4321
1501
4889
5349
9181
3220
4527
5250
4282
6556
8606
7054
1695
5964
9012
356
7920
6211
7006
9910
9556
4662
8452
6200
7417
273
6817
1299
5073
5202
5909
9393
3054
798
4741
2234
4017
5620
7483
4650
8527
6088
8055
6573
8403
7066
6929
6323
9628
3934
2584
9183
4947
7387
5382
8716
7659
2199
6366
2731
3752
2274
8475
6805
9423
9567
5390
9791
5186
2872
4440
64
5311
8846
6637
66
5912
3565
6388
1891
3850
5323
1074
5148
2709
2807
3863
6719
5005
228
5801
5108
2502
4275
1912
8276
3841
3653
8067
5379
6524
8858
5442
8187
7704
8430
8252
9967
8346
991
1857
8547
6313
2930
3695
5373
5737
3909
2091
7093
4137
7891
2201
2990
8517
464
1265
2357
4117
5683
4087
6992
4541
9529
1530
8596
4310
9781
4914
2656
7123
6770
1202
9787
6052
1248
5159
8140
5157
3601
5232
5645
7843
3784
8634
6359
600
6250
8716
1068
8285
2802
8059
9177
8682
9589
7772
2992
5721
2685
1999
2844
5806
3200
2630
1857
4448
4141
9996
5956
7741
1580
1600
5584
1715
6585
1942
2314
9186
7009
9733
7470
6163
4144
6646
1196
3732
769
539
5804
3453
2537
4999
9259
2089
3981
7467
6536
8121
3815
8843
2213
1746
442
4148
3460
7026
6090
2126
6211
9450
1858
33
5612
6001
6678
3160
6084
7447
3698
8240
7251
6235
3238
2861
8323
7218
6680
1210
1690
494
52
3903
2239
6845
8050
2050
3870
491
4175
6432
6293
2385
6464
8256
4737
9494
1415
7173
3292
5113
5412
6894
7699
8649
9755
6021
2219
6434
3582
3908
3279
9985
4162
5517
6829
8564
7566
7050
9054
8093
3481
5346
477
6297
3602
1565
2142
1368
8737
5433
6480
4148
2326
4178
9149
2080
6550
7719
4865
131
7978
8143
115
2140
11
3295
703
7577
344
6108
2021
3825
7806
8849
6473
1407
413
8614
9126
9150
4046
5606
9649
6371
6135
5149
4803
2685
2867
6019
9167
845
514
5634
9336
524
8928
6390
4452
9272
2497
6472
3096
302
5320
5920
8060
5733
4533
7186
1234
8578
9143
882
1300
5277
6031
2454
7961
5249
4825
3480
6093
5338
9113
5428
5861
8040
1817
313
3663
666
6784
3110
7319
8456
9029
5379
4188
3561
8916
1773
8490
8058
2654
6142
9686
5036
8595
3999
285
9771
7478
2729
5108
6590
4509
7321
981
2677
7633
4644
3342
768
4105
661
5575
3134
2391
6114
6694
7658
7886
1536
5715
540
7677
5400
1927
2623
9398
2211
2394
3227
4940
7501
6168
9448
4821
7149
2124
8805
8144
1818
5925
2248
2478
7851
1733
1220
3965
8427
8877
1850
6314
943
2389
3990
6342
4316
6612
2092
2878
9005
5318
7817
2858
1486
3616
4030
4986
2092
9187
9481
3909
1463
8080
2738
9313
9813
3957
3277
8239
2833
5127
904
3775
3867
4893
6468
4534
7856
4911
7412
3213
6581
1580
6070
4418
1548
6451
9403
3639
1989
5235
3899
3451
3314
6636
9116
3126
592
8744
7716
9776
3870
8619
3550
4089
3511
6369
4974
7719
1280
2385
931
7860
317
7000
2277
8216
9802
8031
8206
1791
3265
2104
1593
6578
8739
7060
6056
9330
5804
3771
5457
6025
8742
9006
113
8604
1726
5087
6322
9357
3823
7252
7216
491
603
5844
5058
405
226
3263
8547
3490
5366
6491
6420
4104
9903
8827
9785
5706
2597
5241
1730
7690
598
8195
6294
8676
9633
8967
8032
9807
6219
1600
6650
6821
7443
1707
3577
7669
4970
8475
7510
6687
1318
3929
7143
1220
2755
6927
3277
1704
8520
1358
5745
5469
9552
8390
4144
5536
7357
2176
1695
3575
3775
8344
6747
7569
50
6676
5237
1371
1502
2747
8058
2819
3027
5200
390
2134
8478
3666
189
3349
5024
2285
8818
927
675
2961
2815
8031
5136
4509
7957
5262
2852
4703
2831
9253
7730
4419
6976
9232
3517
1385
8402
2896
2936
8792
5029
1413
8809
1569
4762
184
3853
3579
1111
4527
2891
3925
2557
4379
8433
513
9640
7636
1568
8822
3240
9297
3241
215
4880
6757
1599
3282
9652
4534
8425
1032
2299
3585
8952
7060
3769
2805
6990
1231
3683
9880
5155
2592
4258
9939
3104
250
3926
1023
9071
7165
6672
8663
7380
1551
5420
5330
1184
1423
9864
5960
8807
8514
9545
7758
5573
3313
562
8914
4543
4245
5145
6049
6836
5755
2339
6291
6004
2616
3666
1426
9780
337
89
3511
8239
1860
5193
9423
3282
1408
1734
2088
9921
1278
6198
1845
4590
6759
758
5484
7355
5902
7884
542
1656
222
3185
4011
9189
3202
1789
8969
3538
1877
8831
8128
3736
4023
3902
3369
5430
5636
1809
5350
6913
8006
7194
7855
1116
4303
9690
4823
6557
7574
5364
4564
4147
4900
8575
9688
8101
363
8656
7990
8591
3838
6118
8678
7861
6371
8398
9642
2006
206
1344
5271
4563
4889
9477
2031
9192
5518
6853
5748
3091
8568
311
3590
3468
5237
3277
1568
1951
8284
5910
541
2121
2027
5570
6333
4749
3968
2327
6755
525
3670
8377
5088
8558
7853
3470
4101
3370
322
9848
2813
8889
6511
2754
8708
8099
2382
6628
50
7017
2537
6942
5489
915
8864
8174
5663
2831
500
8769
3355
4169
7145
4794
9078
1349
8263
3179
1071
4936
9378
3883
177
5888
2988
8884
339
1721
5511
6740
8737
8047
33
577
8961
8896
8750
976
1726
5601
9744
1433
6121
6889
2578
5199
4589
7193
8377
5659
2128
4106
9541
2304
9994
8880
1188
6684
6952
3050
3423
5688
1097
3455
2617
6409
2351
7718
3736
428
3319
3480
8212
9439
6720
790
989
1308
4334
5717
6967
6461
9823
2859
5117
6168
1739
6304
2851
8690
9353
6273
730
6801
6079
9698
9562
4781
7415
3297
1561
7085
3128
9772
6524
9847
6913
7512
1155
1246
9581
8121
7707
9403
7331
2823
5570
5421
5478
8420
463
1182
1044
7544
4335
3474
7241
248
8255
1007
3544
9815
8092
3024
5938
4615
2870
2851
8478
4024
448
8058
8496
4506
3812
5827
3680
9381
7599
5509
4152
8061
6691
1547
5604
7377
5021
2844
7624
3275
3851
7519
9441
1942
542
1730
2908
9764
4580
7737
3787
1380
2147
8635
5885
5958
813
9565
5339
8411
5073
5842
6472
8115
7389
2075
1843
2409
1271
9466
2035
5121
3337
7827
3414
230
9556
2673
9993
488
409
132
1867
2555
8766
4103
4865
9578
3667
203
4340
5092
2396
811
9558
9784
9238
1401
8544
508
7218
6930
1980
554
4756
1745
784
664
4417
7128
1151
1177
7259
9369
84
6024
3471
4948
1953
3490
1502
2645
8581
3897
3455
4490
3681
9044
5890
2224
5903
9460
5506
4234
13
261
5978
7148
7276
6746
4276
8426
4275
1534
7794
4358
3910
7617
9305
2214
1106
806
4858
6038
4702
4665
527
4734
3708
2769
3310
9611
2228
8815
196
8592
5427
2526
5740
2703
9271
6367
1128
3545
4252
5274
7902
8161
9242
3558
375
347
4363
1584
2736
5417
6248
3262
150
9956
2382
9811
5918
961
8625
2465
9553
4052
4990
1644
6754
4261
4362
4233
4157
8613
5858
8411
3126
5099
1968
9852
1797
2683
1435
4532
4451
7683
4146
952
3990
6527
763
6259
3840
9387
8723
3392
9790
3713
1387
6543
4325
5748
7128
8481
712
2985
3243
3837
4436
1563
3688
6232
4245
1475
764
5047
9157
4909
5998
9498
7787
6760
5756
1626
2499
830
5017
2288
4542
2755
5183
8866
4854
2310
3699
5566
1646
6941
5754
6081
8503
5794
2313
9099
7268
3076
4145
2776
7984
6495
2273
5770
3254
4380
7396
2104
5209
8764
4392
9751
1519
9574
4968
6372
8235
5018
8289
9880
8311
4043
5961
3165
9836
8273
8616
3455
1348
9112
6230
5683
5606
4854
7804
5212
9233
1551
7315
793
315
1706
6895
8185
7631
8215
908
5865
3232
9197
5745
7894
9591
1705
1059
5778
6329
9674
9232
7676
8785
1813
9710
4391
3018
7513
9602
8602
9064
3268
9394
5730
4974
6289
3914
2604
855
1173
4821
4086
369
565
1980
6311
8621
9390
8440
4949
9063
4023
8976
4199
5835
8685
4941
5204
2549
894
3805
7964
4162
3199
3693
9135
5839
7606
8090
6693
8779
2910
7130
5499
9826
5461
8162
8446
4850
6601
3394
264
624
2369
4463
2810
7405
9403
8014
9954
297
1818
7917
4458
1368
1610
9944
3558
5567
4385
250
697
7295
3732
2548
7120
9192
709
1918
394
3661
5311
657
4284
4032
5119
7094
1436
874
1459
7741
1170
3276
2010
1979
996
3619
1922
4553
5537
6306
1155
2586
9952
1238
5133
3424
429
2193
5341
822
5853
7003
7831
6489
7386
2949
9934
5174
3822
1392
2914
1343
1019
4923
3321
2014
4893
5242
2919
6782
7900
425
9367
7851
1662
851
7626
8442
3043
9318
5616
5247
6321
3446
1735
3706
6394
1668
5231
6568
3059
8145
7910
430
9419
1231
2443
4312
2824
1713
1093
7075
2137
459
1278
3798
1309
8903
2240
703
8221
7855
5949
893
1300
4036
4598
4045
5703
9829
612
5114
4325
4874
5543
3743
2456
4337
4406
5279
6050
5498
8706
8186
2308
9983
8336
9968
8885
575
670
7105
4781
2971
7997
2432
7006
8947
6476
9060
5127
3440
4173
5803
8313
6067
9545
768
404
3951
2398
6453
5800
7455
990
8108
7437
9325
8075
6322
6251
5097
9778
1031
8067
4127
3462
1424
9425
6290
483
903
9729
1008
6705
4393
7074
2601
1512
7477
2903
261
281
8703
7716
1271
3162
5152
6947
7588
7825
3198
2684
7603
580
7102
8081
394
4877
7505
6683
5360
8407
2763
6367
1463
7155
9792
4063
8666
7269
6966
5278
3901
2020
2993
1523
5181
4497
8470
2768
2321
8019
1804
6275
8598
5257
707
8991
134
8211
5673
1845
2969
4787
4563
783
1941
4354
4846
6958
7974
8163
2236
1875
182
1580
3397
1714
2428
8218
833
4749
6236
8988
7375
1186
4245
8082
176
730
2644
2201
2574
1965
6987
7136
2747
5280
1489
3944
2237
9463
8458
824
1337
8639
8756
1085
6704
1183
9303
7537
2283
1890
6524
6010
3075
7120
443
9603
7849
3086
8155
422
1402
1493
3909
501
6772
5398
796
5361
1212
9254
2536
8900
4244
7643
9984
948
5178
5638
4836
7460
3880
1359
3469
3306
4831
263
2908
2679
3349
7414
9453
1102
8907
9713
1602
2030
5110
8750
3742
2673
8003
2630
1572
2246
272
7908
3193
5449
9897
8028
9261
3776
5739
9081
7082
6921
9344
6341
9599
9044
3755
5403
6497
9013
5116
4451
7394
6577
3200
1136
9250
1202
117
7173
3447
6740
5080
6640
8541
4977
1019
7801
5104
3109
3233
2185
29
2576
8526
5980
7971
8632
1382
4468
7644
2849
8918
1389
5778
2117
2524
1379
3318
8992
8551
3116
5732
9983
6107
4272
1311
7126
8424
6414
234
8008
8599
263
584
3476
6242
4906
8459
3975
9373
6102
3176
4642
3842
5305
3110
6366
3035
2779
1709
1585
5895
7440
7919
2001
8063
9229
9126
2838
5643
5712
846
593
2326
7781
420
4919
2686
8878
5245
8411
1331
4772
9404
5172
76
2514
7889
3110
5292
9598
1047
1186
3389
5317
3187
1452
4546
8664
641
6540
727
1486
3484
3052
9266
3903
4322
8304
2780
9567
3066
4110
4338
2469
5633
766
4982
3522
3875
274
3119
1273
7811
6507
6590
7349
4310
7487
2365
1303
378
3091
2788
3861
2495
8406
7763
6816
6709
6894
6382
9774
1003
7072
8594
6635
7837
3576
6508
8063
201
9626
9336
4363
2485
2277
1712
3146
9763
428
4448
140
3518
3588
352
2364
1993
8114
5532
5053
5007
1913
1178
2361
5336
9771
5347
3172
9698
1855
1235
6250
7832
6922
613
6668
9198
8676
9814
5312
9103
613
1803
8972
4200
2154
1336
2544
6619
6867
7596
7977
5131
5125
337
467
1248
2035
9990
945
241
1224
3547
8073
4497
4159
4740
3694
9186
905
9005
8288
1518
7159
7259
2069
9312
4946
4613
2282
8164
8560
258
9647
37
594
6465
1284
8981
6454
8580
9221
4030
2126
7293
8526
2636
8385
8572
1821
9289
3928
108
7158
1087
3719
9227
6750
5016
191
9032
9532
8750
9289
9178
8786
6235
1994
6421
5215
8447
5001
787
8828
3478
8080
7354
6114
2816
2277
7934
2104
6204
4394
9262
7290
4464
4840
4040
5831
5030
3071
5362
3779
8711
891
8917
4945
2884
5337
6511
7683
6689
7298
6510
167
1729
215
2632
4544
2491
6917
2999
5047
7662
2260
2336
2125
7099
2727
7956
2128
5797
9669
2259
860
560
1175
5804
3443
2863
2315
7477
5904
5964
339
2422
7692
6905
5053
2235
5748
1969
5233
794
5983
3845
3129
8107
7295
2208
2414
5775
4356
2083
8033
5215
2642
5559
1019
2436
4773
9685
6265
676
5648
6603
3097
3339
3507
8149
1925
5606
6470
3509
6399
2452
7353
5880
6910
1000
8087
5676
6774
2442
7758
4806
7657
6751
6716
5027
5538
1488
4711
1802
2164
358
4756
1612
48
4615
6113
8324
220
2582
1832
2971
1385
5537
5202
4646
6536
9640
321
3309
2081
4430
4466
6089
7532
1181
1115
3070
2668
2177
1223
1183
8886
2331
2795
5285
3297
8907
3608
9868
7840
5440
2838
5576
7328
4391
6573
3863
4030
6894
7171
2463
7675
7988
8551
5207
9168
6018
4628
8187
4546
2202
5722
3432
4532
8516
5068
7828
3774
8676
4048
7965
467
6885
9892
7794
1276
6464
1656
1657
3357
5178
4119
7384
3165
2670
2590
8684
5039
7217
6870
9584
5770
2591
9367
302
7458
4435
4481
7583
3110
8528
5547
9928
1765
5438
7721
9392
8254
9376
1048
7962
905
5167
5345
421
4188
7934
9104
5578
1502
2325
5161
7272
1268
880
3925
5077
5314
4757
2660
4775
3285
4558
4702
1401
6348
8774
792
4601
4501
8191
2562
5405
3357
4259
2177
3896
8544
1280
9473
46
9956
986
3669
7575
1865
3945
2652
3530
8701
1663
8304
8337
2572
9357
9737
8919
4482
528
9871
8982
5071
8785
738
8427
3043
2914
8675
1586
4193
8147
7983
500
9132
8003
8075
7348
1947
7078
877
7000
8740
5532
5336
1311
4888
1425
6582
9369
8304
2804
4702
3374
1588
5439
8153
4630
8352
6827
6216
8896
1325
4198
9396
6809
8553
3822
4156
499
899
5033
3850
5990
564
5538
3652
1804
6962
233
7524
5265
3037
2226
8639
976
4016
6791
5606
2368
9969
8173
1263
1293
8722
7010
8101
7274
831
2257
7773
8081
3641
7974
4070
556
3511
4074
2359
472
4306
6235
5737
3694
4812
727
4670
8827
3869
6627
1194
3837
4799
8809
5129
3520
5818
3230
794
3001
1838
4918
1081
5478
2891
1503
6033
2754
5576
4744
3225
6233
7330
5313
6279
2141
6039
7300
967
9907
3926
8513
3743
5076
7321
5224
8595
9490
4805
5740
8842
6642
7009
9923
8471
6252
7777
855
9005
9704
5598
2229
5936
2927
3894
8566
1419
9932
5865
8738
6191
6142
7250
6285
7569
922
7860
2516
6763
2664
8255
5605
5657
5264
5527
4127
1515
9655
4982
519
9358
6931
9099
1645
6210
2992
6563
7628
9276
8779
6365
1818
4921
9966
8102
8841
887
5962
1356
7650
4977
9611
3254
634
1226
5132
4760
9092
1138
6093
5962
495
9376
1412
8491
5585
4404
5053
9564
31
184
5929
1848
1456
5894
6301
296
3133
8614
1652
782
9943
7614
387
576
8839
1870
1687
4282
3007
7780
243
9853
7155
1654
8343
9091
2409
9748
8654
8791
9931
934
6990
1386
6828
3291
1681
6312
8256
9684
3445
8198
7297
3831
8773
2487
5700
6812
6768
5058
943
3362
4910
4449
1368
9604
3539
128
5703
2192
8919
1985
3126
5908
3370
6305
5550
1403
2616
3806
7438
6060
8355
4735
6242
3480
3573
8293
291
6693
9702
1233
54
4611
5681
7773
566
9219
7901
6269
7762
3171
8253
7239
9078
7975
9895
980
5729
8862
1137
3166
1273
9491
7900
7514
2970
7825
2158
9612
4517
1859
844
922
2821
2876
5047
3387
8446
2947
9655
2560
2469
4259
9798
7898
2233
6045
8877
7961
4906
13
1127
6179
5856
5378
44
5177
9554
8554
4789
4070
412
1984
1344
3233
4860
6390
2971
9657
9336
2625
2216
8156
3235
8366
6053
5468
4410
4930
9780
5667
1294
906
8197
7149
2636
8241
2326
2189
6794
3466
2611
3557
1801
3954
3141
6660
343
6111
2669
6030
5087
4884
4185
8322
3249
237
3789
4010
1518
9920
9677
2812
826
7873
6312
9813
2465
4989
8353
5610
8454
963
9167
255
4916
2307
3266
1610
4770
5934
7639
9856
7170
8175
8177
6770
8412
8317
780
9929
8237
456
9092
5414
4680
5404
1578
7145
392
9930
2754
5198
7245
8272
5452
2160
6931
5069
3770
1700
7355
7760
7907
4524
5935
2436
7645
698
7104
8424
6978
1692
5231
6070
3457
6263
1473
5034
3407
8216
1316
2512
3413
8560
7136
5216
7071
4066
285
840
2117
3991
4952
23
4866
7238
8810
2510
7935
5914
7286
4912
7605
2516
7333
1062
8778
8805
2447
8536
3373
3762
7400
6785
8673
4535
2001
5744
4952
8637
2935
7068
2627
4238
3442
7492
1475
8604
6353
9409
4517
3638
673
8473
6154
8005
5886
1283
3162
8333
9819
6534
8446
3570
3318
3471
8104
1670
9214
9407
306
8500
2826
2932
2738
6267
6775
4212
1222
3128
9973
5738
6765
645
563
9270
8649
6448
6905
8162
4780
3075
4695
9578
6644
4365
3048
1099
6034
8613
505
6340
7112
3330
5623
9849
5948
2398
4061
7170
1877
4033
9259
4993
1029
9821
4263
9677
6269
1167
7839
7400
4241
8885
6977
7236
3249
6376
8334
9283
4988
8838
1974
2100
2167
7596
8300
8114
6345
8712
1635
8221
2744
894
3214
3772
714
3828
9801
6982
1346
3991
4382
1938
9227
7710
9173
2476
4086
7506
8110
5425
6343
6435
7524
4861
4030
5824
9326
6727
4535
961
4947
3631
1854
4512
3754
8919
4691
9906
2253
6036
248
6634
4325
9475
695
3497
8302
1132
1002
2763
6557
3696
9197
4080
8556
9578
6255
7882
6304
7142
5194
7603
7124
3399
8466
7229
2317
3157
3487
4569
5544
3734
7554
9869
9560
4601
3365
4213
5732
719
6975
2288
4414
2523
2720
2970
2101
5326
7203
4756
8819
2396
2358
5942
2146
824
9523
4462
332
3009
5383
2227
3094
9288
8447
9006
3888
1812
3218
5972
8882
6545
8259
3295
5419
978
2616
7519
6304
9818
8627
5122
8565
984
7416
710
8159
3290
1524
4842
6298
3258
7069
5743
8897
5515
4748
2785
3678
7966
5108
8911
862
3366
2206
6280
696
1173
151
3351
991
8777
4824
5907
6112
2239
2969
4271
5528
844
5464
8177
453
8884
3920
9349
4399
8667
8485
4428
2984
3592
3339
197
6958
1896
6477
4005
3068
2979
7355
410
1755
2178
2669
7866
769
1989
8488
6296
2832
3952
825
9636
2835
4744
8984
3585
9762
3821
4365
9098
7412
4055
9294
721
5950
2122
4725
5369
5100
2079
2131
3206
609
4799
1072
1377
6787
9559
4024
5970
9862
4848
5605
9049
5943
940
2633
2057
4760
3349
1154
2172
7403
6799
9244
9704
5273
321
1425
372
2399
3555
3578
9359
8353
1001
735
1491
6911
4759
3812
6773
5958
5768
5821
8253
6707
4805
309
1467
8154
7814
9990
5556
964
5585
1612
6236
5905
3036
2960
8304
6590
6537
7662
1294
7537
4749
9136
799
9507
2947
7571
1816
8714
9743
68
1772
900
6728
3238
9053
4541
9579
960
1857
5164
2571
8092
1068
5606
1051
5723
8547
3939
9737
6192
7827
4485
5327
8626
343
4625
2548
2158
3338
2291
8578
5110
3190
5305
4699
8594
6198
630
9553
8054
5793
8476
2497
6860
433
3548
8935
8980
3838
8671
5171
1665
9507
6850
290
9849
1474
2837
8358
4812
1479
3287
6273
1020
4944
7323
9613
1141
7952
5518
9194
3744
3993
1690
6956
777
1589
2242
9756
5427
912
1279
3443
6770
8128
3732
2970
9601
2920
7679
764
751
966
3388
8122
5909
711
4087
7049
5014
9604
2594
5110
9948
635
8417
724
8576
658
6832
354
7921
8110
3796
4690
6237
7527
7659
2189
6798
5337
2953
3900
6302
6340
2022
8562
3402
6108
1962
4768
5711
4555
9877
2010
1542
4645
9085
6469
5302
5916
6822
3222
4025
617
7911
6613
4495
1921
8802
1292
7257
8106
5192
3559
797
3565
8472
4199
9672
434
5318
1734
4988
1546
3743
2881
6190
9179
9349
1491
5095
6170
1064
9119
6786
5326
2084
7632
7246
885
8924
4502
5342
467
4412
6138
4031
2884
6688
54
3317
2005
1787
4656
3550
1881
3889
9739
1059
3237
7581
2505
5759
4996
1624
8896
321
59
6528
3918
7295
1803
8420
2636
2269
9183
8773
2651
8418
5461
2704
8086
3817
842
2742
7367
9074
6630
3457
6484
6218
7390
8989
1976
2385
6964
7224
2706
7022
3751
2975
4316
5553
1394
6951
4173
6929
2075
6823
5346
3887
5878
3432
7704
3071
2525
5070
2144
5506
4878
4979
1723
2267
3967
51
1004
930
7274
61
4303
1024
3035
8618
2928
4429
1920
7100
7709
347
274
3054
4233
6151
2837
1936
5573
5361
3357
4068
866
4587
9046
8941
3205
3013
8991
4208
294
2616
4268
4597
9991
7303
9566
2918
8083
7838
17
5791
8184
290
5196
8768
2792
8033
704
8364
9745
412
2431
6963
4998
1476
5903
8203
840
1245
2410
1134
212
3030
2082
202
332
1647
9471
4766
9484
5839
556
4019
6128
2103
2787
5271
6487
9842
9986
6232
253
8768
9546
1603
243
1800
6157
7435
9396
4918
4920
9607
7947
7001
6160
8278
8647
5630
3043
4483
1468
9950
8501
3947
8405
7639
9217
4891
7480
5554
7474
4085
4321
7019
5687
915
5170
1843
8349
4565
6760
3268
4171
1059
6620
330
9336
5267
5959
8731
6101
3778
5032
953
7724
3436
8592
3292
4679
2423
8845
2152
6507
9517
5523
2193
432
692
387
5132
1609
3499
4752
5779
4557
1371
2461
244
2989
8419
5326
9089
8549
358
42
6272
145
4985
5916
4823
7407
4760
3327
3914
4277
5201
2458
1060
2244
9197
6191
3852
2695
942
5983
3603
8665
8443
3846
1653
3213
9172
7094
1761
5881
7135
4385
2377
8471
300
3552
5877
5059
6878
6142
5687
8430
4952
3098
7025
4148
9289
877
3194
6582
3211
6796
5246
1653
6993
3251
1217
2516
344
2978
8396
3830
3714
773
2300
4013
4324
4528
5423
7553
7022
1110
2334
8325
4207
9358
8824
9847
6586
2017
2781
9796
5164
4378
7800
8508
7628
5369
1024
7971
4698
9419
8152
8411
6543
6803
2423
7218
1331
7845
1122
4704
5306
3455
3028
5865
9165
1851
5711
2102
219
8491
8250
1734
2869
2401
241
6848
7769
1264
1171
2466
7035
9322
7228
9929
6125
9650
3499
3807
3847
4620
4862
9152
4427
7889
5016
9943
6091
7079
2044
2661
1921
293
4394
1141
2694
986
4341
6814
2250
5511
9280
5636
4832
6507
1916
7308
2509
5414
1114
2707
6386
5975
1858
7164
215
3226
3458
2657
6656
5501
5317
4928
2146
6062
6069
1191
7048
6761
8004
5649
2271
3635
7636
7102
6494
9551
4410
9002
1317
1875
1708
7702
7850
9917
1217
4416
9494
4674
7073
2501
6526
2389
7429
8671
4803
9849
9861
1850
6609
7865
7498
8879
7851
5133
2332
4344
1035
3093
9697
2351
4968
7756
6404
9169
7673
3972
3584
3518
8645
7008
6019
5171
9397
3447
193
551
9647
54
2400
6255
4270
6249
1485
8472
7733
3816
2816
8767
6909
2512
7470
8228
268
3873
7396
4292
7845
7331
7809
2841
4339
179
4363
87
3625
4556
637
9623
961
3036
5877
1582
9284
7361
53
7016
7529
2868
2134
789
1732
9603
9016
8351
9828
6411
2642
4024
3741
450
3216
8079
6981
7579
8165
605
2134
8801
228
9446
8188
2456
1027
3823
6169
7431
7190
3697
6651
9324
4485
8382
5278
3500
6732
5105
6262
9373
5480
2
6174
8696
4433
3154
6274
8949
111
4759
7750
6690
556
2289
5497
1582
6112
1665
5364
3301
1713
2014
2624
2549
395
4254
2400
3478
5710
8661
9202
1190
5015
1728
6237
5799
1233
8862
4747
7695
9972
2496
4384
527
1137
6233
8460
7248
7897
3823
548
5962
5837
3172
4862
2583
3777
7262
6061
9486
2274
1614
675
3640
3341
3263
9438
4574
2124
4185
2268
2095
3032
3004
2621
4168
9236
1080
1415
3484
1255
1963
5797
3443
1486
659
6025
5262
4272
8437
1099
6545
51
1774
185
9743
5036
5974
668
3512
158
2936
5606
9542
2291
4579
3709
7878
2010
1476
1361
3264
9790
3510
6706
7627
4168
9083
9240
4791
3871
338
1335
273
8463
7871
16
9851
3845
683
3362
354
9970
5319
6247
8612
9897
6308
6489
1907
7783
4202
1522
3924
7711
4580
7902
8230
14
7141
3020
3884
3830
706
4157
2293
4929
4172
8495
5125
1206
1856
1830
7528
7174
8077
6139
3423
4384
8980
1681
8518
3181
3202
8793
7243
4133
6694
1824
4146
3834
4843
8030
4015
1900
2186
6307
3180
2709
1153
8304
266
3008
134
7793
6534
8210
284
6308
8945
9263
7988
3814
2443
7541
2606
9685
1674
9299
7860
2171
9484
9054
6552
3498
953
8737
6157
4133
7797
7309
2436
8063
6669
8921
2207
9554
3482
2490
5861
8778
1752
3848
2591
546
7740
5196
6582
5765
4494
4441
7936
3977
3494
4487
3827
4447
9576
9983
4931
3724
3643
3718
8138
311
8991
6697
6216
2472
9186
2076
1250
7290
2275
3840
7835
15
9036
4417
2131
9881
8857
6418
210
8703
7257
4036
3149
3184
370
4431
6907
4012
8148
1397
675
7138
8093
6890
5962
7278
5318
3563
4567
7592
7402
8754
3958
2789
3170
6089
9022
8378
8858
9231
7080
6114
9618
6580
9297
6339
1010
2556
350
5510
3952
7376
8999
2044
618
1312
5673
5935
4874
6592
3526
8628
5345
3836
7768
4866
6276
6789
9595
5133
2371
6675
1247
8340
9606
543
4678
6968
3098
5028
8829
3401
8755
4179
5444
9372
5491
7469
5306
6716
4060
5184
5343
5756
9019
9463
6973
5294
6251
6567
6778
4974
9593
8024
3313
9199
8567
7991
2518
8016
9370
1346
1417
8124
5524
3212
3848
7366
680
5505
434
1091
7040
5776
3198
6058
5238
170
7703
7841
3089
4481
2814
2681
8856
6126
8231
3774
468
7100
1790
9837
8445
3206
4313
321
2769
8160
4038
3449
16
4471
4539
7056
6599
4089
9465
8188
4258
3520
2380
3698
4352
5193
6379
3207
7671
961
6981
4490
4413
8770
4327
9209
8327
4991
5881
1095
9502
9919
895
9517
741
1786
6572
3691
5874
6037
1879
6483
9556
4258
181
3907
5803
2911
3465
9825
3871
445
4314
4635
5566
4992
3844
244
9982
9724
1339
9483
9642
8585
5352
6735
370
1923
425
6243
4311
8655
9078
218
2913
9258
476
5067
2168
3941
1243
2390
737
1908
7025
6303
6900
868
2898
3233
591
588
9068
6585
9173
4419
3319
9542
2693
95
2137
7004
8750
1214
7221
8014
6823
7697
3080
8990
7989
4322
7731
8725
2581
4755
1379
9480
1974
4277
9065
8917
4864
4484
5501
4036
5254
5171
9930
7946
5265
8418
1301
366
5983
4874
8379
2805
8922
7810
8146
6910
2131
5876
1986
4712
6983
3365
543
5308
3993
5959
4224
8856
442
6076
9244
5695
7598
5525
9993
9215
3942
1293
9580
6276
2518
4311
9080
1439
2120
3577
8348
603
5804
6686
1666
2786
50
2208
4446
4042
4519
5021
9249
4960
7449
4844
7007
5046
368
3351
612
4309
4643
6544
584
7161
854
6015
4951
2973
9591
9651
3575
5395
6336
1592
4532
2737
152
8977
3130
4670
350
2378
5981
7798
7222
2987
9195
3941
6337
9807
8250
7332
6350
5185
844
3555
7552
2146
2879
7142
1796
6454
8888
8131
4397
9772
7219
4548
5100
348
9217
5449
9078
5198
3246
2651
4536
2441
6591
7225
8599
1192
908
1300
6377
8103
4854
280
248
7732
3773
2044
537
2661
6526
4934
2432
3745
9481
7531
4092
5050
9332
3169
6599
2577
5819
1134
1369
2410
4710
9967
9953
5617
1266
6329
3719
2471
2960
3967
203
6733
2362
739
5745
8887
2024
4528
2631
1505
2058
6723
6554
7741
6243
3152
318
8414
637
8038
7175
1699
4357
7127
7315
1974
9808
7386
4445
2767
7704
4647
9499
65
1737
5243
5303
3761
9770
7934
1617
8180
1008
4522
5920
3602
4025
2589
2015
4661
6979
9189
6359
1335
2668
26
3308
2475
3763
7752
5241
1466
8750
1092
7882
487
2686
9536
599
2456
7469
2215
6987
4828
6736
9258
4782
760
8199
6796
1772
1529
2337
4483
2863
5004
860
2522
3830
4622
6626
9070
2439
5375
161
6672
2213
2847
6207
2811
1654
28
5025
4992
1207
8112
601
5988
5223
8799
9136
6995
327
1472
7829
9541
2827
5040
2063
6656
9661
5040
2077
8451
414
8590
1474
2627
7788
7680
5437
9441
4059
6814
784
5266
4925
1384
1253
148
6535
388
3494
3213
8211
7674
9106
7389
2713
7520
4044
8725
2559
6121
3527
2972
1062
5000
1950
8849
2679
3739
4641
6738
552
5424
8355
1828
3159
9607
8327
9693
6347
8172
9258
4557
5845
8363
1946
4909
5882
2341
3633
4792
4813
7159
4115
5874
2158
6065
4722
1189
9803
9362
4278
6706
1137
2632
4885
4296
8590
9564
340
4936
7735
9597
5845
9932
4311
7790
1192
6544
6482
1177
1335
1295
8335
5450
3520
6845
7866
4594
4385
4020
3955
5014
725
1444
7645
1961
5739
6234
1524
2430
7522
5611
8379
3366
1894
2689
7507
3085
5585
3988
4261
6919
1634
8948
8720
5154
2144
6585
9747
2880
6956
53
7893
7680
1496
5537
5993
3586
8122
3868
6016
5643
5830
4394
5360
7723
3434
2866
7160
9018
3206
1420
2289
4839
6719
7360
6344
8862
297
2442
8093
7252
8847
5985
1284
6694
1521
7276
6632
5995
1143
8999
7989
3325
9744
3349
1047
3177
2566
8206
8547
5771
5978
7187
6962
2696
4546
9657
7910
4842
8451
6002
2094
7297
8339
3377
342
6211
7004
6973
2205
4498
5971
6546
7822
5714
6246
8869
5243
5163
3426
3789
7286
9403
975
4247
8451
1872
255
2712
6714
8705
5065
8807
2353
3403
8535
2695
9614
5538
9667
8170
6387
5638
4715
4209
7703
7312
3077
2945
2475
2854
6733
9760
2257
4059
358
7059
5931
612
9770
2644
9317
1186
7802
1669
4589
2688
715
554
4577
382
8723
963
2371
9790
5171
73
3453
4599
3018
5927
7453
6102
5686
6061
161
6043
3119
6091
3007
9240
5086
8675
6777
9239
6695
1365
1926
7410
8270
6502
7791
3345
7464
161
9486
8987
6585
2938
3585
9602
8865
7389
5704
902
3449
2216
3297
2919
4658
6303
8510
9743
4977
5287
5333
1671
6651
3610
9080
1273
111
3222
4617
3926
3382
4102
9264
9967
3391
2849
5920
2255
237
7975
9509
38
190
2805
2956
4847
9107
1466
941
4083
6752
6273
5753
9754
9882
1185
1026
6344
4406
1994
6622
4140
2447
5885
458
5838
8733
6377
4444
5322
4352
3952
5359
893
6756
8314
5740
2214
6131
6680
6296
2882
9305
8401
8988
5538
5937
6365
1882
342
8359
8503
4481
7157
739
4938
9346
5824
7667
3790
1145
8370
4093
2855
9262
7201
7520
5001
9414
3651
8033
2062
2884
3689
6814
1871
9226
2750
8236
1107
3091
2946
5961
3924
102
6700
5213
9448
2523
2879
9589
19
1248
3681
2873
510
881
392
1862
295
4042
6246
8708
3278
9934
5521
5148
9160
8270
3383
6618
7712
2680
2579
1635
2782
5630
6848
8581
4504
9726
8169
4522
7326
1849
7394
4187
9082
4137
6048
9376
4531
2294
4435
7808
2227
9955
2955
1386
8224
2690
4356
2287
1721
6934
3922
4502
8915
7121
3082
3418
3198
7602
7939
523
9451
1684
4709
8532
2172
7109
4259
6702
9402
8693
4509
7980
4999
3816
5718
9574
2857
73
1860
4577
7006
2133
5431
2272
9253
4864
5689
2451
2466
3627
9325
1916
1662
386
6799
3833
7494
7409
6887
3247
6101
7747
1226
7451
1562
3295
7024
770
3367
8883
5347
6724
1016
777
8995
6620
1992
4683
5422
4457
4661
1099
6372
2674
1484
9522
6507
5329
6930
9745
8575
9382
7491
6152
6832
9053
9447
3855
6174
9165
9090
1520
5889
6457
8648
4883
9428
640
5918
4850
5096
578
2300
7820
3252
3783
3693
6110
5463
623
5854
389
6356
3344
2892
3188
8748
8690
3394
4922
7855
8835
2793
3743
1643
7793
4977
1071
4784
894
2272
6231
1472
4571
4050
1075
4705
4095
3536
167
4717
5741
6907
1072
9084
9798
611
4184
8488
357
5457
6342
9191
4601
6436
834
2393
1412
8256
3528
2306
527
9759
129
5097
160
7555
6153
4254
1090
2671
8970
6830
9577
6394
2265
5726
3356
2800
565
3712
8256
6906
9255
9209
9693
6440
7953
1105
4695
1481
9762
1573
1239
9890
3021
1398
7444
9173
5652
4885
1843
973
1714
7771
7366
3978
3496
7074
6778
4061
785
1385
7318
6391
593
7011
2830
8546
4467
3876
6378
4228
5448
7616
4117
8468
9013
7912
7640
1016
2796
5834
1989
4509
3604
5706
4838
7100
2779
7967
7512
9916
5704
4829
6306
2648
8191
9136
7545
2657
3011
3922
6884
4811
1537
7352
3278
6902
5263
7270
7917
4410
3103
9905
5270
6707
5611
108
3806
4741
4426
1317
4656
129
2497
962
9129
688
6449
6673
9696
9459
595
6580
4269
8483
3931
3899
5384
5546
1168
9653
6307
4270
5909
1577
976
1519
8036
1133
2612
2461
8801
7267
8942
7650
8228
8070
8337
4676
1094
8032
487
8040
963
1107
2875
1246
5005
4610
3143
6172
4262
9449
6794
171
1025
4121
8041
9060
1606
652
7873
406
7919
6814
8055
2498
1235
2743
3526
8680
7127
364
6720
8089
7822
9594
5686
2827
4203
8828
5350
4817
8277
8495
4987
5653
2616
3027
4713
4221
31
2585
978
4301
5750
9033
3150
3336
8127
6675
2015
5253
3390
5086
9694
1212
1031
5379
390
5234
559
2091
50
8835
586
1388
4487
3201
4414
5551
3773
796
4487
4750
5096
6588
134
8246
9923
8261
1272
8290
9865
4662
3375
5910
2225
4406
1289
2614
5991
8199
4704
2392
7033
1641
3779
7871
4841
4544
9774
8613
5340
612
3363
6787
7200
9848
5032
3474
8108
2656
1763
4325
7317
1490
234
5893
2247
7874
4858
4589
6072
9561
3332
3104
1202
7110
7327
2394
8005
3452
7359
9696
4063
7073
6483
1262
6920
7866
1088
5028
521
9202
5704
4189
7043
5937
81
5641
3811
1290
229
9882
851
3560
9338
8404
7021
6664
7149
1378
6467
4507
1073
529
7931
3907
8143
4851
8125
5582
6230
4997
4783
1933
9186
1826
7869
5618
7466
1679
6908
4047
7913
4110
3958
7250
8865
979
265
2365
8708
6731
3224
6132
3611
1154
39
1753
6004
4515
7334
8585
9511
8469
517
5048
294
4738
7018
4111
2768
277
8157
680
738
8467
7929
9602
9445
8193
8318
4504
1275
1541
635
4886
2695
7025
2990
5050
1539
6676
9987
7402
5144
6855
2449
1789
1592
5818
2251
712
6094
6760
1391
6831
5226
5672
2784
1022
216
1102
5525
1491
8994
6159
2728
8040
3184
5717
3090
1074
8744
9428
8475
239
6282
7276
2027
4226
3093
630
4937
5539
7389
2679
2369
2614
8350
1505
9987
8566
8958
5511
6408
7951
1669
9135
5991
1204
1203
5432
2278
9947
4859
7104
6537
7492
731
8564
1717
3824
9193
6653
5714
2933
9332
4434
1898
4033
5938
1884
8950
4895
7394
5357
9198
5414
843
5188
6618
8398
6971
5247
4696
8181
8702
1232
5672
9433
6147
7389
9608
1691
4041
5321
4623
9724
9754
6520
3757
2044
4755
2706
6938
2148
4415
2487
3914
1609
4026
531
6
996
2129
4701
9176
7182
2285
4848
6614
8431
8588
2573
122
2628
4245
1096
8704
351
3968
2460
2394
8722
1517
5683
870
5931
8170
4783
7540
2195
1665
3897
9543
145
4950
8718
7326
7234
9917
292
5664
8504
9216
2137
7484
9813
9585
2539
163
3552
1350
8908
2273
2866
4590
9494
5149
9111
628
9040
7658
8644
9288
7200
5140
4237
2269
2466
1470
8538
9109
3486
3393
4676
1974
876
4488
1558
9766
1002
5109
1115
9909
3734
333
4499
9579
5481
9961
207
872
7618
8850
159
1169
3990
4396
3438
2807
2217
1975
8267
5702
5367
9294
4028
2595
134
5585
8712
1135
7046
9827
1044
7131
159
1894
6709
1991
1854
6915
2862
5824
2117
3020
6992
2458
3767
6781
1616
5984
5107
6234
8037
6826
5527
2064
5772
5660
4001
4483
3147
7398
4309
4190
4528
4467
6083
7588
6457
4288
4503
5670
6463
2971
5042
3455
1780
8808
6587
3395
1143
1694
5980
9180
4871
7858
7595
642
3518
7947
5124
6664
1696
5785
7205
2575
6603
9639
163
9412
3926
1017
5081
389
339
122
195
2118
5282
3133
1864
6424
1178
7843
1955
6048
5700
5902
6689
5569
200
8165
8584
1896
301
5788
822
6903
5426
984
2666
5704
2000
7747
6092
2338
4220
2638
807
5853
5770
2670
8629
6948
6864
6935
2995
2564
2836
6036
4484
9388
552
3068
7635
852
8855
8456
4106
633
5792
6772
6336
7791
870
8779
6481
1441
1416
7287
7294
3537
6309
5922
484
3172
9208
9831
2087
8396
2218
6571
7783
9121
9638
1769
6324
4844
224
429
5476
2367
3552
8163
6510
4421
6941
2990
5862
4708
6628
9507
4597
9288
1780
1432
2460
987
1262
4546
9382
9831
1116
7164
8951
7105
8932
5274
1949
5508
5703
3776
7874
5606
1939
735
27
5231
3724
2240
6291
6704
1746
887
2343
3525
2318
4802
4511
9932
5700
3893
9762
3167
7408
5065
272
2692
338
8572
4551
2392
2347
8776
7998
637
