9262
7700
5118
3598
6972
7823
8626
4311
1733
2874
5517
3270
5264
732
7542
799
5011
1515
6857
3090
9022
4820
3608
1060
2767
814
6479
5405
1016
5148
9503
6629
2847
972
227
6170
8794
8852
480
6879
8077
2349
6500
3341
3080
393
4139
4443
1907
995
7532
7280
2167
1139
8340
4933
8304
4818
6689
9320
9965
6191
2300
9163
3514
2526
5332
2308
7729
2164
5538
5806
4512
2037
9146
3943
2429
9636
4737
687
6982
2268
7966
9148
9758
2657
433
4414
7475
7121
3733
7439
9664
6032
2954
3177
4910
8285
1836
2638
448
7373
8443
1311
5761
3940
1606
4541
9927
6342
5227
6909
8610
9545
2408
4719
2201
2840
9132
9675
6313
9216
3466
5976
1600
6419
9152
6509
1055
988
9146
7855
4712
3941
5517
473
7880
7122
1365
7807
3464
2944
1067
8425
2488
3474
3143
1040
2666
8627
7067
8978
7842
6884
1305
9441
9654
456
2301
708
7795
1447
4914
2507
5387
431
9331
9618
7552
695
7424
1015
3638
8490
9439
2477
8316
8934
3517
7333
7560
6935
2662
1753
3818
3966
1194
3471
4421
3494
530
2216
1292
1796
1074
3030
2226
404
2648
6129
7450
71
3496
7440
4913
9286
9916
9580
8219
9784
6912
2130
6718
9573
3883
6887
9890
1428
357
662
4921
7239
9229
2565
5386
302
5594
7611
7057
8241
91
4507
8312
3586
1946
9576
2872
8213
9155
1090
7997
6066
9572
4714
1990
3454
7953
8231
4881
4661
8892
6153
1899
8121
5069
7284
8422
663
1246
5479
8903
1337
6337
3566
4922
4634
9493
4145
2846
8647
1587
842
1064
1158
1908
3053
963
9860
7635
2195
4520
6527
4699
2771
4647
9768
6406
9420
430
4004
4898
5684
1692
7586
5602
2965
2219
5094
7110
1417
3741
8696
8610
4804
6205
6869
4209
7167
3080
1843
9361
3952
8369
4059
6722
9367
3826
9479
8787
607
9834
36
6291
1525
7622
1892
4490
6192
3337
1599
3960
7077
6646
2570
8233
2850
9438
8793
16
2518
6987
5728
6469
1708
9786
9542
1074
9964
5372
9860
570
5206
9896
3212
6730
3869
1455
7571
6412
4792
5521
372
8220
2166
9293
6452
1367
8730
5244
1382
7599
2231
3461
4067
3938
9599
9960
1363
9562
5332
1223
6483
537
7470
9695
3618
7690
7501
1189
453
2292
6709
7176
512
5227
6468
3315
6593
1550
8559
7975
9148
7141
7787
9567
7430
7385
9526
8792
6946
1209
6366
9781
1745
187
5827
1715
7876
3327
2903
4681
5619
5963
1856
2482
1189
8324
5796
7782
9873
706
2108
5372
7846
9894
4938
1627
7279
816
6771
576
2024
3136
356
121
3323
6182
1835
7550
9509
1089
2230
1479
7051
4086
3960
4592
8761
6107
2373
4985
6813
4480
356
1010
725
1646
2637
8003
2461
5759
8579
836
8894
5286
956
8568
1468
9142
6118
7328
6582
4699
5158
9985
5136
9117
4576
3896
5223
6948
8880
8387
7779
5588
5749
8503
7233
4737
2858
9693
495
7788
6880
9388
3073
4188
7956
892
3329
425
4571
6263
1475
9728
6247
6611
5196
822
6858
419
7769
5738
5157
1899
7677
905
401
4909
5641
3258
953
6135
7397
7832
1875
470
2019
6182
7713
1700
6606
2284
7962
4432
2011
4208
1042
7207
1381
7900
3977
9149
9989
5485
7399
7665
6390
7799
8925
8382
7409
9877
4517
4805
7708
2743
1626
6079
8924
9339
7778
1881
7974
2091
6312
9984
6298
7354
3542
7678
1605
3870
3178
7945
9355
6928
1961
2096
4726
885
477
8486
7113
1345
9643
1172
4087
7620
7250
3010
6958
1379
4890
4931
3469
7554
1267
6118
4907
1160
147
2863
1382
9676
807
736
6603
9119
9183
7681
3
6011
2518
7115
7356
2160
4638
7794
9780
1888
804
3089
9618
2045
4372
9439
9598
1990
5556
856
3149
2055
70
4530
1730
876
1617
8333
9994
799
2365
6348
6810
4882
9814
517
3394
4452
8310
3173
2691
5465
2613
2308
3862
6984
1746
9811
8973
3654
667
8474
5708
736
9355
7437
7964
972
2121
4309
8122
4485
657
1283
5719
6822
1799
9112
1273
6461
2284
3963
1925
1248
2623
2138
4584
720
1949
3556
725
8967
8381
6432
6054
7736
221
369
5059
8693
4678
9532
3178
1686
815
5248
8507
8965
4359
9780
5425
2994
94
3702
4241
9068
2191
8824
6140
4139
8732
6864
9457
3464
3296
5511
1199
9868
5879
2609
8560
6908
2141
8089
8593
9307
3336
7100
4623
7694
3231
6400
687
9676
6453
1280
8744
8643
6455
1235
9134
5186
8098
8590
8650
1393
452
6200
7612
6331
5161
6172
9590
3653
4260
8183
2959
3948
1634
3933
1641
4864
332
8680
4539
6784
6311
9634
1779
2765
868
912
4303
8966
9501
2952
6710
6305
5503
4322
8987
663
6845
8576
4315
1104
6758
3625
1403
8391
7558
3044
9606
4241
8075
4145
7377
4385
130
9155
3501
7350
66
7803
6315
5918
7106
9376
2222
2609
49
1208
9623
6893
6136
3938
4349
2893
3914
5751
7636
7823
5146
7241
2064
9572
7737
5792
308
4219
4946
3809
1568
1363
1611
4234
3632
5069
9961
2206
7677
10
3413
7299
3254
9548
7588
3954
8793
7854
9705
6428
5676
1202
20
4091
774
4109
6234
1081
8327
1179
1241
9894
8893
9204
479
2525
4272
439
4730
8300
448
4494
1950
54
394
9538
4007
5538
3743
3711
8317
5770
1265
8336
9861
2038
2444
2446
3118
7122
3625
4359
7015
2517
9914
7493
1393
4185
4284
2474
2484
4731
6968
4433
4784
3713
322
8791
9250
4064
8853
7566
9834
117
5901
6046
8506
4697
8491
7976
1818
8467
8686
5185
7336
8599
9029
5080
2783
3312
7554
5266
4395
4521
6050
5530
8233
6372
4320
7482
6787
9525
5047
2972
5993
7299
5369
4499
8347
212
2474
6517
8678
1159
1701
2365
9757
7081
7445
8891
6745
4998
508
1139
5870
6557
6668
454
9280
7340
4287
6067
3216
5685
5390
9208
2983
759
58
7682
970
2531
4198
5999
41
2250
4716
6149
9330
2160
1391
6074
3509
1898
7212
5730
8455
232
6183
4086
3923
469
6504
7138
6153
1894
6345
5487
9004
2755
3168
6325
5285
7365
8675
1678
9614
3390
4178
5296
1901
5569
1369
1761
7466
4933
7490
2272
1516
3672
6358
5438
492
9213
2575
2996
7458
5271
8483
6461
8025
8002
9137
9662
5367
7812
7691
1332
1201
1868
6627
9454
7436
4348
1214
1254
5632
5056
3525
7147
5079
6234
8936
5571
1799
7862
8566
9256
3132
3400
5717
7509
1402
4853
3522
3120
9016
1212
803
6569
9431
3782
6022
6867
8129
3587
4472
112
4994
4348
3610
73
582
2545
1995
8732
6758
6912
7987
6241
312
55
3749
8065
1260
3622
1184
275
4833
1986
6843
616
5767
9216
3834
247
9155
8305
6710
4148
2652
319
572
9585
9215
2566
8316
2324
9478
6303
8565
6141
2709
2313
557
3968
2287
8092
4243
3471
6429
7437
4086
2196
3005
7919
8794
2159
6223
1856
2658
5227
8526
3230
4811
7741
5795
3127
6416
1624
5781
4980
4116
8489
3645
1024
8809
5931
9115
3051
9401
5544
6839
3487
4091
6195
7757
9236
8353
332
1091
7363
5558
9617
592
6720
3709
2738
6198
124
714
1978
5104
1181
6819
8748
2205
5627
4678
1319
5029
430
6862
8219
3916
952
4414
8025
6540
9118
8356
7630
6480
3913
7246
7071
6984
7306
6161
3182
7430
6874
1511
2533
4406
4681
7632
6610
307
8661
7929
1687
9090
1142
9906
9358
8446
671
7382
4985
9788
5737
2614
6268
6001
6212
9690
2984
3517
2202
2517
7298
9075
4028
9830
3481
8708
3813
6442
5367
2473
722
7053
1563
1864
3310
920
6661
3980
4653
1645
3768
389
610
6387
2741
3173
2428
2076
6690
4630
4593
3987
3704
4972
169
3536
31
3981
6330
5397
2806
7051
8802
720
8914
2111
7991
5574
2443
2643
3570
2562
9383
532
8948
2123
3704
1375
4198
393
6004
5142
732
6060
6465
900
5947
6496
1232
2276
1892
389
9327
7045
1108
4592
5508
9098
6518
7950
1740
6439
511
7474
6970
5810
9596
674
7184
146
1066
9540
1639
8149
1951
8104
5400
4249
4599
2984
6525
2842
3372
2203
9887
4480
3146
5394
9929
6015
9695
8021
2454
205
5494
9423
6014
1442
96
9549
1587
7514
5440
3225
5662
7390
7680
7414
1639
2278
397
4515
1472
3768
3069
1358
4599
6214
3103
880
2229
2797
8900
1034
9353
745
456
1718
2186
6904
1266
3772
4417
3058
3349
6430
6799
7380
3843
4789
6010
591
9303
7481
4359
8723
5190
5309
1289
8292
6188
9869
7440
1439
902
6792
2184
1357
8509
4369
4612
6126
4493
9028
9183
4193
1810
5982
1572
2004
770
3933
2595
6425
1413
6953
1499
6602
8613
2787
1245
4801
2655
5036
2591
9908
1827
4774
7617
6687
5495
2228
9165
6339
7608
8347
6883
9417
680
4806
1420
7802
8739
366
578
151
3670
2076
3105
2283
1215
701
3435
221
5737
6025
129
7563
7151
7745
602
8997
6324
9766
1687
3931
4464
8569
9699
1496
9726
7471
5649
4816
7836
2578
4967
1506
1005
4423
3788
2219
5123
3574
2440
859
9598
8920
4774
3100
3016
1727
8448
9339
7844
134
3270
8659
5054
2968
154
4780
438
2154
9595
8274
4731
913
6131
5736
1687
9918
7954
6810
9843
6745
4020
5792
2016
5145
8892
5031
6871
3691
4370
4714
3825
7639
3373
5230
6958
9878
6361
3748
2032
2308
8373
3114
3220
4503
8849
1259
772
3155
4420
614
6251
8439
6405
8267
9936
1648
3297
6806
5339
7666
7872
9163
1656
7596
744
4966
7473
7105
8713
5856
9412
7085
5322
8983
7939
4170
241
8710
3676
4660
9323
9927
9451
2079
8193
9386
3727
7841
2543
9065
5507
414
4579
3514
4361
5322
4831
8186
2426
3543
4041
8189
6979
9362
7172
4917
9884
7412
3626
3559
8424
9300
9837
7874
1379
8029
7259
5105
2222
6153
521
4080
6567
1451
7593
927
6772
2424
9112
5550
2318
9505
3738
5649
5218
7261
565
1453
4673
543
5012
3096
9842
4848
7321
1220
9229
931
2676
1450
7083
9548
5529
1
998
9473
7280
4122
8248
2743
6023
6918
2247
6112
2566
3817
3373
3130
5269
8045
3672
6632
7492
9866
7832
4812
7437
3412
5742
6465
1213
9176
6012
6741
9177
7010
2565
6456
1131
7165
9198
3505
4082
7797
9616
6647
7965
2988
9776
3233
1032
9800
6217
4875
6017
4048
9686
3453
7459
1779
9917
8671
7307
5929
1763
6483
9290
679
9290
6772
7843
4839
276
1924
2635
9891
8570
599
2879
4698
184
262
4497
6400
5137
513
447
1174
317
4257
9305
234
9279
6611
2514
7393
9445
8155
8071
8734
4926
5914
3572
1553
4189
2559
1443
2759
9509
673
7456
9692
935
8304
2443
2423
8816
9241
9948
9132
3497
9252
5717
9127
2214
4582
6519
1658
2736
4590
391
7661
6855
315
9213
1043
9225
7008
153
8733
7680
7608
4777
4966
5911
7219
3740
1078
6460
3688
6562
6308
9291
8630
5435
1505
3212
1953
3162
5947
2894
9905
9960
9748
6571
9172
7143
5795
2531
7295
4527
6563
1255
9303
1528
3517
6522
5268
4595
9333
5307
7508
5640
4597
6137
1074
6101
5700
3027
9263
1647
2272
5519
1606
8372
2089
7129
5514
7883
6012
9160
8761
2574
414
8064
453
283
937
5720
1229
269
7378
8736
5908
1975
1224
3334
8075
6924
6360
3689
4922
4983
5559
2879
3354
7647
6359
5219
1881
2370
731
642
1295
1144
8705
1748
7778
5993
7467
9006
2613
1197
7741
8520
3171
5317
1853
7597
2240
4564
7638
3513
5899
3196
6391
9252
843
2749
823
2723
1471
1553
3364
2765
9048
8420
4512
6826
764
8331
5831
3376
9527
9924
8248
9049
5240
6452
6645
3831
7368
4282
7343
3266
7478
85
8869
4672
9185
9691
3746
655
1243
7110
9772
291
1881
4283
3468
2645
8965
9298
2372
8491
9221
619
3891
812
7071
536
994
4438
1169
4688
4055
8646
1124
2923
9669
309
2614
3415
7315
208
6876
7086
6850
5108
7721
317
7752
3037
9615
6476
7880
5187
7094
1770
2351
516
2305
9696
1305
3474
4384
1711
8471
5507
4634
8140
5815
3599
7906
9482
158
4781
2919
7008
9888
6991
7324
3992
28
3290
467
7907
4829
3912
9676
3531
780
8333
3226
2084
1806
7609
147
6628
9468
4780
4767
1634
4730
2672
1115
4887
3804
4034
1894
3692
1024
5570
7683
7403
8859
4501
5309
39
4764
1337
3569
5543
9669
6795
3979
1474
755
4125
4453
222
8904
5572
8208
9985
8243
9322
4871
8399
9707
6765
2090
7083
8686
6124
4485
3896
6976
6146
3935
1739
7482
3855
7282
7150
7001
1260
4975
7756
1736
9427
4329
6991
4998
2536
6975
9593
8210
1845
7991
4268
4961
6432
7702
3646
8907
2187
3894
5882
8332
7828
7620
2165
1682
1253
9314
5035
8864
4288
2790
599
66
3470
3941
5064
2358
915
1008
6919
2760
8998
1186
4072
1781
5240
4070
687
7426
7963
2920
2109
2142
539
625
175
8144
9938
5209
3359
577
4350
310
642
7820
4250
2057
6529
5165
9416
9799
4276
8413
7336
8347
6545
2575
8768
7231
6352
3082
150
8460
5223
7041
9084
5398
1536
5373
606
4894
5949
4956
5203
2943
9127
9453
1351
2007
4617
767
1805
5244
5531
9140
9942
2076
1715
8710
5658
8066
1791
2160
2878
3366
5552
8313
8763
7087
38
5720
8332
2338
675
9887
5280
6153
9339
2983
8159
307
3749
6315
5550
5631
5455
1843
7706
3521
6904
9716
7938
8695
8227
7167
8412
3778
5480
7174
7216
5517
2893
5547
7854
9920
5433
9486
2424
1123
2468
6935
7781
2568
3249
9682
8198
5055
1525
2256
4927
8428
8323
2865
3474
6549
31
1885
326
1862
5410
3893
3730
8303
9439
1584
4574
1224
7421
6997
8698
6240
3931
6479
5159
3532
6160
3356
4938
7684
1963
9865
6112
6637
2729
5937
3185
9111
7822
9862
7325
3231
3754
1054
7885
9545
8989
2458
768
6409
5807
9465
9000
6089
5943
4158
9620
2103
7514
910
6138
5828
774
8601
2465
9854
4538
2001
8964
8711
1863
2640
8293
5616
3694
6178
5160
2682
4987
2279
5443
793
8096
4442
3234
390
8600
9205
8844
2465
114
4982
4644
887
9934
7108
740
4471
9109
6056
9533
7323
8695
7826
2938
8740
4003
4450
1422
5341
3080
3216
6134
1175
7657
5719
7917
2608
4923
6760
5072
5037
8093
9716
2275
8027
3175
9367
8849
8635
5422
8382
5957
468
6207
5247
9208
6561
9696
6981
1901
2775
196
4386
302
4204
104
8218
6812
1379
1329
8235
2767
9422
4302
5041
3800
3829
4407
2648
2463
6180
1029
8420
3000
3587
3666
2207
147
9713
5539
8400
8839
2086
2785
5492
2641
9241
3709
9452
6971
1390
4039
9737
811
8340
4777
4610
2168
5536
3609
983
1715
990
5754
4714
4576
9419
3272
1075
5483
8810
5826
4321
7247
4962
9813
9888
4202
9873
5691
7524
1262
9729
7260
8424
4421
2037
9385
2940
7572
2994
3922
5638
3983
9675
352
4910
5445
3623
2336
7279
8785
8161
7952
2383
9475
7764
2270
28
3988
4313
7552
1602
393
4811
6377
4813
6847
5762
4105
770
5107
4378
6408
5441
405
3111
6702
5849
3085
9038
9480
8221
3550
7431
604
3024
1546
9225
3052
5533
3537
6955
3486
3930
1765
9863
5094
4964
1976
5550
5733
7082
9928
8492
8874
332
7954
5575
2532
1039
964
2011
5611
866
9441
6214
241
986
1791
9644
2871
5327
6598
2708
5608
8363
2570
7054
3326
897
2603
5410
4330
2530
254
3203
9213
4559
5130
1745
1949
6093
107
7560
6958
5900
125
3551
6885
1915
3194
6107
3594
9792
8815
5553
4506
7736
2606
4183
8633
5209
9592
2962
4090
6197
2517
3303
756
7646
1399
2704
90
1505
6615
7048
7404
6740
6950
641
5006
143
3099
8599
6286
1913
504
791
6001
3109
4973
4633
4669
917
3946
8759
7113
6462
8413
7868
459
9811
6924
549
7667
3538
3948
1423
6629
897
2063
1635
1039
5161
6585
7325
3426
7088
4467
9426
197
9440
410
4865
356
4355
9975
7468
7169
8387
1688
7627
4549
4963
8175
2216
4852
8474
3638
1481
9370
2052
3115
409
3564
9699
4085
6989
6787
8551
2766
3335
4342
3175
8199
4697
3882
4526
8517
1050
2912
6556
5028
3813
7870
9555
6028
2721
8028
6017
4201
7398
4420
3667
4158
7983
3366
4594
1324
6504
9496
441
9838
3838
3616
4388
4886
3849
8913
9754
1250
8177
6309
6277
8341
4178
2183
4368
3251
6563
6736
7451
312
7507
1118
821
1841
835
5414
3164
7338
1261
9957
3527
5098
9924
7914
6336
3772
3179
6089
5021
7707
8750
7649
6047
2927
9832
6766
6177
6394
9853
9980
6705
7359
1097
7525
9199
8283
9290
8715
5620
550
8671
5498
2000
8594
3411
4687
2365
2941
775
3737
647
9524
1385
3045
8803
7568
9810
1331
313
9662
1310
7017
7020
8758
893
6219
7040
6534
1285
9011
3436
9955
4508
5435
8548
4271
121
7264
7211
7247
7352
4210
6771
8736
7254
1925
6304
7064
3255
2968
3077
4565
9985
97
9674
7229
2667
6714
3763
3951
2076
7198
257
2936
8984
5156
7206
5456
2419
768
9054
6122
1329
2176
4857
8583
4100
7512
1998
7355
480
5074
8271
6816
1522
7944
396
540
1009
510
842
3085
4059
1098
6020
3042
6253
9577
4849
5023
6696
3903
1144
8025
6078
2353
2959
6530
9864
4956
3884
6695
6381
2154
9862
4255
6449
258
1146
7458
767
1988
6894
4826
3085
2913
4219
9338
8841
5420
4360
5536
5674
1856
3560
8103
4208
6518
4632
423
7825
8515
7118
558
7020
3331
1164
9821
3588
2309
7278
707
4296
4171
1884
7381
3435
6102
3070
2275
7873
3781
4162
3546
5636
7722
1649
6195
591
6280
6618
4768
1147
87
1677
4518
3417
2840
4338
7005
1500
7967
4063
5796
8489
5946
9528
1923
8399
8949
549
6272
2729
4711
6169
4717
8784
7817
911
5726
449
3880
493
1595
3966
8521
2464
7383
1360
6802
739
2860
4768
1153
5007
3257
7098
886
1531
5496
9834
8432
8119
8914
9494
4288
9982
8277
8456
893
354
8904
1124
7199
6850
5090
5719
9314
8824
3431
2467
5914
6290
7234
7066
7648
6842
4163
8533
4725
6010
8366
3156
481
3631
2649
1120
3613
7277
9575
857
7630
4831
1980
1180
8032
3421
6899
7345
2244
329
6163
4509
2970
3397
1574
6969
6590
2088
5501
7666
4450
218
821
4930
3848
9821
2401
7460
7097
1975
4668
1079
3157
6648
8610
1189
68
5508
8533
8664
2188
4696
9524
1509
4444
1098
8477
7385
9537
3977
5051
3986
546
2223
5267
4394
2044
7667
8205
5492
5994
2873
2922
9150
5872
1532
338
2291
3391
5223
954
5579
6270
478
3439
7065
7927
1916
801
3815
2244
5851
7801
9142
4426
9419
9887
6469
3438
8091
8312
5783
7315
1234
4932
9538
2765
1622
1829
6155
3196
2782
8085
5817
9611
1524
2881
3889
9791
33
7704
8386
2236
1856
7527
6661
7626
7413
3129
1063
5504
7792
3197
9170
9025
8129
8708
1789
6102
536
4296
9297
9669
8732
5113
5632
255
4345
5872
6397
4377
3575
4783
6612
5430
2309
3272
9408
9722
2752
470
1577
544
3667
7098
5920
8147
5805
7709
600
2692
8356
9896
8713
7087
1360
696
3694
2056
6567
90
2784
142
4872
5748
1923
3533
5371
1330
3254
8123
8152
4830
5018
8170
8279
7289
2668
4084
1349
3267
3127
9704
9514
1839
3143
7225
2534
6836
9280
9101
3277
8415
5594
4501
4162
3868
8033
9533
5198
1286
4007
9701
2467
5376
7870
745
2664
537
1180
4013
155
4307
3716
9668
2497
3210
6892
1383
45
2523
6835
3322
937
8780
7822
5099
2647
2206
983
4196
3491
4989
3896
2309
364
1765
9405
9379
8653
6937
3391
8807
7595
3459
8474
91
6668
1717
7825
3065
4239
1011
2738
1528
9790
6911
2978
2437
9116
3960
6632
8958
8948
528
7618
5663
8644
7022
5041
3649
310
4784
2455
7904
8242
7281
4347
1261
5349
2171
4325
9588
3182
7062
7467
9323
324
444
1759
9439
4403
4743
8396
9702
5270
2365
1716
265
9387
6756
3913
6048
7891
2720
3952
6132
6352
8298
3745
1700
6820
4421
7639
6353
7835
5105
5676
8158
5548
3786
7597
6302
8528
2344
6003
149
4709
7718
414
447
826
678
6494
8716
3397
6797
1200
9748
5094
4944
7800
8266
9364
5438
970
7198
6895
6645
1708
2442
6783
9304
5096
5310
7999
7450
1811
9059
1520
2224
5857
2345
9253
2351
7412
9002
9147
4963
8749
593
6258
2900
5210
1974
8338
6179
5523
5232
9176
7230
4025
5958
2885
5472
7619
884
2922
9429
9942
4441
8004
5799
3137
7257
4501
548
6258
9999
5511
1358
6943
1768
4258
2152
3741
8947
4683
9264
530
3858
6493
906
9815
5730
6378
3785
6613
9299
3214
2906
3739
7569
5056
6875
1177
9556
3774
7434
5907
5636
5144
2849
7404
5753
1353
7496
1051
6035
3111
1580
6244
5956
2485
6058
1685
8862
6194
8297
4512
9407
7554
8250
3328
2610
1476
4504
8517
1602
8290
4423
7237
3433
3624
992
5537
1328
8488
6587
3714
1598
4518
9957
3905
3354
2366
5589
2216
8559
237
3079
4318
7791
7681
7645
400
9156
2148
5268
7109
437
6043
4346
221
6018
5337
2109
7345
176
8695
1058
8126
9564
1014
2030
2918
3379
3971
1485
8289
4207
4563
2606
1997
2243
250
8748
7751
2398
368
4859
9186
6410
5556
9407
2427
7245
1515
6123
7420
6562
3532
1897
2477
897
279
5394
627
4249
3230
8915
8455
7793
1521
6804
6387
8122
5551
489
519
5918
5348
6057
8679
7255
5463
7457
4499
3329
3579
8271
6242
3462
167
8719
4358
6797
464
1336
1045
46
251
9500
4190
8123
6303
576
6244
8205
1065
3115
475
2764
9171
9153
6370
4633
6610
869
4313
6540
5491
6907
2
2009
5625
711
8806
2440
2047
9850
8837
8649
5701
3026
6771
2003
9954
3014
6560
7370
6128
7034
133
5298
6186
2854
6282
9147
3722
6947
2039
5564
3853
8392
7573
5829
9102
2730
8268
7500
2579
7105
6148
4632
6482
2918
6634
6435
2284
3193
3804
4763
6578
288
6413
9116
3142
2694
8262
3215
5992
300
8779
9844
5043
2703
5672
4145
5432
292
1644
4362
7396
4144
8993
3877
3413
1979
6664
2048
1523
467
6811
8101
755
3223
7216
3896
2268
1829
7110
8260
8481
2240
4455
3523
4942
127
4019
6725
418
2015
7439
4165
6158
2783
4393
9570
1113
1056
1618
8988
1523
4780
3440
8629
4354
655
2524
6621
8835
5985
1232
7315
4577
5687
7190
5870
2165
1208
2595
2582
3222
6385
6746
9379
5519
1138
5301
6632
2194
3270
1971
68
4401
5410
8696
8754
6064
7571
1726
1250
9907
2958
4917
4483
4996
2106
353
7160
3313
9299
6093
6535
5683
2838
2265
7553
327
3917
4184
8872
3538
2506
8939
7938
7915
3986
6691
330
7908
8417
1580
7815
7726
6496
2297
9073
8601
2649
2584
8265
1947
8676
1151
3981
7865
9768
1534
8191
3684
2069
7063
7222
4575
2353
5159
2489
2691
1850
2819
598
6618
750
4764
4343
7245
7061
9767
2197
6061
2350
6813
8008
1025
7964
1988
8889
7731
9873
7079
1414
1942
493
4987
2868
9198
6498
5356
8240
8347
4526
5189
1316
5275
9953
2010
8871
3365
1776
7419
9425
4125
4232
7432
5149
2195
5772
4037
9925
1996
7467
7690
289
4312
9029
3156
9861
5526
8512
4452
224
9389
9640
1539
1016
5944
3548
9886
9308
1675
7305
8733
5799
1536
2516
7299
3730
4639
7687
6
6635
5153
4047
6923
5816
9427
79
2028
4952
4942
6479
1527
682
2471
3065
1697
8414
2964
1583
4074
990
8887
2806
6788
6774
1673
4086
6855
6312
1772
3212
2946
3277
3610
9868
5444
3037
6298
3824
7988
7591
6654
9515
8273
9124
8931
9969
3890
8247
1551
7963
9236
6789
7120
2376
3562
8792
6461
416
5103
4585
3627
4400
4213
7237
620
9656
6625
6917
3479
964
4508
133
6830
2780
5608
2113
2748
9497
359
651
3811
5946
7439
7282
8321
1001
2426
1134
7768
3880
2070
7747
8280
6282
1335
8899
5937
7959
5815
5768
8922
6674
5900
5752
5805
1507
7864
8553
7356
4574
9203
7518
6871
6641
1152
1544
3993
3577
2677
8113
7456
1098
5859
5735
7379
3545
985
9667
1503
3152
5434
6776
9825
7685
8879
5630
9192
3094
534
2899
4019
9736
6768
890
2728
7919
2433
3073
7847
1461
1185
5303
2558
3395
7389
6288
6939
8374
5954
4793
1525
1388
1568
7701
9072
6799
3330
4615
9892
215
3865
3911
9950
6985
1152
9030
1255
3584
8454
9102
1396
9638
756
3953
9384
8144
6592
2674
2869
2545
7466
745
284
5385
4798
5708
2183
4479
6674
8427
4694
539
8689
995
3875
9840
24
5129
9775
8477
4230
1170
4466
1337
1474
201
5833
8065
2874
8701
609
339
5798
893
2076
595
2952
4258
5073
9625
9036
9766
6515
7724
761
389
3915
7136
5518
3689
1965
6099
4858
2782
7436
6331
2983
3268
747
2208
8320
1356
2547
4117
8600
4622
1063
1551
5231
6136
1175
619
2253
4042
8342
9365
4430
2257
2853
9947
2297
4817
6046
3507
3950
9833
6189
6932
3100
6936
5492
1419
8291
8038
1888
3242
9011
2950
1144
593
5437
8670
1211
7690
2711
5905
3406
7141
4513
6258
3439
6809
7426
9484
315
1376
5668
6504
4659
8767
9791
150
6538
8081
4539
8425
7674
9901
1374
8817
494
3163
7486
8056
852
6549
3960
609
3689
8472
3219
7127
1633
644
2963
8299
8371
8630
1154
3030
3749
944
9531
286
5376
422
8710
3049
322
6435
8217
7167
9597
2055
5223
6800
8603
5534
7409
2291
358
627
5769
1990
7622
5083
6640
5993
3713
7794
5374
7461
8737
1256
4098
4113
1677
9159
3513
8351
5593
1730
5517
1542
136
7091
8341
8738
8977
2101
7380
9334
9079
3148
7675
6701
8231
666
9045
8295
8459
770
2107
3548
2025
6204
4012
54
5362
7524
8404
7306
5605
272
8847
5740
3715
3540
4477
2691
1992
8208
8376
1071
1356
2402
4123
5938
3067
9519
584
1526
288
2690
5073
8664
5245
9084
8717
6958
2959
7120
4263
4916
3744
9462
655
7458
3001
1484
148
4992
9691
4875
2414
7398
7276
6536
9687
342
2406
270
1867
2693
9311
3291
1357
4555
8726
73
1512
8037
3545
2127
2952
7288
1588
9958
1097
940
1441
1244
2283
7484
2470
4697
1233
9745
7584
7272
86
9990
7541
8305
9034
3204
1595
6742
7758
6673
3167
5622
1061
6711
7748
4012
350
5687
3969
1446
6626
1762
9041
5260
5597
7862
9956
6829
7606
3892
4100
7691
233
7993
5995
9266
1196
3942
6008
5305
6966
9174
926
8026
2236
5025
2037
8937
711
2357
6734
3688
470
2126
8948
6066
9987
5255
2895
7592
5498
3346
5282
5730
7690
7629
1348
8885
7922
7355
542
4887
2880
1467
9264
5115
2844
7652
403
3554
8
7136
3594
478
9261
8893
6543
9247
499
5789
3190
5997
5487
8471
8078
9528
2451
9425
8413
372
3131
5306
1610
6010
6772
873
7476
5967
8524
7878
5873
4884
5013
9466
1713
625
4710
8255
6223
5208
396
9412
7556
2234
4235
5634
1761
6685
1410
6525
3409
4541
1830
1370
6902
4954
8595
4378
920
7118
8607
6792
8353
3620
2609
65
596
3670
4672
6819
8878
1419
6230
2785
3652
464
4770
1764
3501
6180
8289
3261
720
6470
4630
7621
7775
3224
8350
5047
6694
6957
8190
1398
6928
799
1463
7523
4468
6134
693
9697
7552
6923
2482
7555
3738
7251
9318
7238
9782
3958
6850
501
6780
1480
4474
4554
1055
9175
9600
4100
2483
7790
5498
9410
4940
3312
3285
9407
5797
3977
5456
9700
7251
4289
7254
989
1539
2923
4578
7673
3233
1428
4525
12
9259
5350
917
6665
4525
517
765
7007
4658
2614
2769
9597
5925
6053
5355
8073
6381
810
7772
3632
1450
1377
4620
9341
4299
9197
7013
3883
6976
1537
246
6234
6887
1163
2899
7763
8031
15
4769
2688
2628
7537
2284
4904
9941
3990
9328
6322
1152
7099
9953
2601
8475
924
1941
9125
6472
8953
3008
3448
6842
9605
6033
3728
767
8931
1490
8797
5297
2610
7836
7924
6499
119
9179
6439
461
8506
9112
1612
1956
5416
4212
430
6339
6153
5907
2811
1457
5266
2610
8298
4870
8642
8377
1989
3925
9866
785
9221
2476
8621
3497
8974
5091
9027
1764
5551
3885
876
7162
5840
6291
7726
2622
2630
230
8528
1792
1686
3793
753
6336
5014
9394
4712
7002
9670
4578
7787
8891
3405
2759
2387
8730
4201
7765
493
9752
1649
7720
3265
7489
4011
7342
110
2992
7571
4989
1135
5609
5133
1887
8296
146
7632
3007
7148
7302
3936
1286
6192
3692
4044
4930
2421
4596
9046
9266
699
695
6985
3964
4535
7347
7657
996
6690
1580
5984
7824
7188
1116
6062
5483
7613
3694
4841
4760
7347
8777
6045
3538
2468
6440
4819
1241
1036
3864
506
1734
910
3842
2049
5444
1189
6058
2791
4230
7637
8774
2054
4824
6241
4467
6658
3854
4512
1498
4965
1858
6626
7362
1747
5446
3801
6565
3038
1188
6781
9895
9274
4042
3736
7674
5838
1276
3731
8628
5506
1367
7402
3911
2542
9994
8377
9199
199
2889
7049
1516
1098
26
8877
2845
5471
9029
5761
4860
217
8893
4754
5842
2935
8490
3515
8772
6117
7246
7399
7974
8612
1152
1884
1154
7498
6613
6704
7696
5853
104
9211
6950
130
4439
9794
1952
3468
1907
6812
36
799
1565
5877
3733
6406
9391
8856
8875
2988
6255
6848
1600
3758
5084
9105
1255
1696
5808
8951
3900
5912
4513
7201
2393
8952
3347
4344
8771
5253
1155
8806
6051
9072
4682
6136
1829
424
4991
703
3412
7597
7551
1363
1355
2634
467
2609
681
2626
7911
4580
4889
8776
8132
7281
7727
1478
1625
6497
6730
9131
1654
9133
4554
6335
5268
6383
3110
6610
7085
6521
4207
987
7883
5561
3620
4701
4521
652
7327
2432
1583
8567
1207
9715
5848
5285
1192
3824
8133
4274
9306
6138
3406
3860
8824
5025
6594
1933
1634
3678
4806
5840
4665
2688
7752
4636
3741
2273
1640
1067
1056
3222
5985
8614
9288
1832
250
6832
2007
8382
1105
7665
4519
862
1524
3342
2238
8117
1626
3871
8146
6431
6063
9162
5471
3814
3798
9211
2438
5437
6629
3493
5010
2613
8458
4298
797
8707
1129
9155
3440
8585
6819
4310
5798
4694
4003
8035
2810
5629
8257
7308
8411
671
6469
3881
837
6618
9443
3274
8406
6071
3119
3416
5036
1576
4065
2184
283
1545
1338
3722
129
4509
4384
5926
9202
8386
312
2012
4014
8568
5671
2425
9239
2139
2657
6427
5109
2100
9700
3514
4522
9170
3281
5909
746
7345
8092
7380
8889
5782
7453
5369
290
1836
7646
9491
222
7957
7854
587
2877
3524
3011
8467
2015
2020
4893
7123
4119
944
6988
8640
114
269
901
859
3965
8992
4590
2854
1125
2042
4574
1414
230
2220
7257
451
176
1462
7389
9404
1338
6752
7870
9704
8771
9114
6826
2889
58
3813
7880
171
433
8780
1029
4398
4124
1970
3603
1600
4011
8176
9366
4240
395
6622
1042
6923
4435
8431
6326
5772
1534
548
5475
304
9661
8652
3192
9718
8817
7423
6240
9249
2555
3620
3646
3030
5589
7248
4629
5952
1776
3994
191
2170
615
7585
9092
1402
2367
1770
7173
3900
2317
9000
555
1977
7651
98
8047
2819
7520
4286
2068
6426
7906
2065
9455
9846
5665
4084
5797
7440
8077
2340
9609
5044
9924
5053
6445
8642
6822
9969
8893
9138
8968
9447
7466
2971
9544
1864
5789
3415
2502
4208
9841
6759
6273
9295
6604
8289
9730
2401
5728
7807
4740
1688
2850
1015
6740
5646
9656
9913
5614
4900
5402
934
4346
9220
3904
241
1083
6044
7
3584
252
9847
6694
2876
5494
3298
1164
5223
5698
6891
9381
437
4930
8582
7803
8022
4227
7458
7934
6193
8709
9688
3478
9406
8907
3733
9646
6341
9776
6004
6277
6379
2203
2970
9254
7696
6267
417
9270
8316
3659
5003
8752
4941
3584
2906
2962
4163
6715
7247
6707
5423
6934
184
4828
5840
3916
825
8533
43
6829
4809
6422
5383
7778
2027
3078
4045
8796
8699
2360
2454
3701
7464
7394
3637
6721
6707
7799
3436
3954
4505
8858
887
1040
38
3079
1307
7214
1611
1349
4042
2771
4122
5776
548
6149
5205
944
1296
3904
9656
3749
3956
3471
7495
7592
191
4201
1742
3626
4506
2598
8836
5393
3637
8873
4823
4943
6086
2785
2644
6480
5555
3117
2255
6102
5617
7460
3398
6912
7715
3053
7013
1670
6523
4507
5614
3065
5059
7355
6691
9565
9953
5526
1309
9941
750
6131
1236
6835
5267
231
9666
821
3347
1921
3274
8964
5732
6671
2227
3446
9723
9239
5115
2597
3745
7080
5662
5156
787
8704
4720
7091
581
6028
7031
1330
8510
4618
4516
3776
4848
4182
4596
8195
2454
7869
3510
8185
892
2088
1630
6966
1327
3096
9563
1423
176
1576
6578
962
6631
1297
8052
7211
3676
1434
4892
2185
6052
9407
5960
7251
3588
555
5445
6041
4776
5306
577
5667
7394
2206
8984
5072
1654
8546
6494
1829
6473
3072
9142
3103
720
3545
6665
4396
1330
1556
2932
3733
963
8892
984
902
5798
6428
3295
6925
8086
3871
2591
1831
6077
1575
6902
4082
6472
3395
5910
9297
2818
1403
8751
9890
1299
5416
637
2628
3323
3568
6361
4285
8811
3696
1539
4609
6475
4833
1533
4560
8703
476
6390
1131
8402
9643
5212
1225
3038
7473
521
2207
5227
5624
2096
2877
1039
9084
1857
4361
2652
8217
4998
1462
8264
6536
2422
4738
7720
307
9298
2774
782
2039
257
9183
1682
1820
6759
1071
5645
7280
9629
871
2903
8077
100
293
7160
1956
1005
6163
6524
2354
3977
4787
5241
6398
9524
2960
6704
5173
2086
3837
7212
2342
9371
5245
4161
6130
2667
6157
9761
2295
3380
9015
371
3479
9307
3883
5434
6663
45
1957
9017
4021
6743
4257
6771
2618
3569
9826
7791
5654
3663
1354
4347
9385
2950
4859
5514
5616
1016
5274
7910
4395
4288
4633
7873
9946
8515
3306
6609
4911
1614
1977
8932
4708
2585
2054
7325
2505
1879
5115
4510
1893
2820
8856
1278
5769
3715
3143
1384
4730
8417
5646
5476
9056
6630
3348
5354
5144
3005
1962
6406
970
290
1689
5677
2874
3742
3001
1731
1973
4468
6240
217
7287
5096
7846
3056
5162
989
4439
9891
5757
6436
1718
1164
3065
5065
6517
4560
4421
4830
966
5390
5119
2654
7418
4345
2748
418
2427
4720
1237
8666
1288
8524
3761
9134
1579
8922
122
2369
5164
2230
8805
6881
3393
8221
8297
6262
2781
9069
1091
3746
810
2562
2751
8227
3258
5498
4997
5684
217
6233
4349
7857
4756
4462
6990
2686
9735
3463
5055
4899
5692
211
8131
5436
8431
2780
1697
7563
8200
9140
1308
9010
1701
4059
3588
4958
5908
8584
6993
2477
4817
1341
333
5924
2154
7322
8610
1889
7136
16
3139
2827
226
1269
4614
5008
400
2663
2571
8600
1802
230
3961
3502
640
7548
4811
6548
2484
1803
9024
7300
9495
9356
3223
1649
3029
8184
3537
164
8199
6675
9342
4776
4295
3955
9784
1047
6617
8706
5998
4770
8935
9958
4623
9575
3857
9433
2474
6340
7587
1497
9991
3434
7204
9566
1434
232
7749
1322
395
5948
4348
9736
723
4994
42
6858
6040
3011
5563
8389
7780
850
4698
2403
6776
8555
8187
9249
1246
2126
745
1237
1911
4300
802
3344
4531
8550
4665
1277
849
9012
1012
7924
4005
7405
4781
6397
415
6696
4785
4547
3897
9483
3301
672
4389
1487
6272
5634
9964
7016
6870
1874
7667
4023
1569
2197
2573
2585
3473
9773
1596
836
7696
1953
8240
8829
4701
5007
1876
5837
9553
5772
5319
9205
2795
6059
7043
9066
1693
7007
2433
4914
5232
99
8937
6801
8647
7861
5737
2119
7633
3685
9306
1681
1989
7545
6861
6689
8903
8736
2525
4807
859
4196
4011
5
254
1054
9070
8298
4412
7854
9564
9643
4304
8500
2795
2950
2712
8532
5068
6696
2216
4373
4728
4204
8269
1588
7244
3524
323
6120
8330
7533
315
8693
7537
6921
9746
2958
5218
4157
7163
4781
151
1466
9632
2946
4415
8695
7829
5834
5391
6396
6558
118
6951
1179
8058
4194
4702
8380
313
3031
2265
6980
8075
9801
3900
7820
9111
5469
8328
6273
6602
8479
7739
2585
7776
8505
1280
5604
4339
3022
1999
896
9491
5301
2074
7548
9494
3127
5928
9806
2510
4544
6785
584
696
7036
8404
9806
2505
3083
2431
5458
1561
6521
8042
9336
5025
5673
1291
9363
8694
9641
6611
8185
4941
5036
5732
4434
8163
8011
592
7024
2554
3728
7607
9602
7116
2362
9407
5972
5445
8189
1429
7005
4709
5822
2693
9734
1495
3983
5448
188
3624
8410
8372
4916
3446
456
5702
7960
8466
6293
4983
7372
6372
2589
6973
3487
1303
2731
9458
6747
920
886
3751
1980
6708
2795
1713
4554
6778
3513
4741
6753
1922
9465
8020
5367
9920
3721
9678
4737
13
4660
2108
2737
3601
5432
6223
1255
4515
2033
8001
5434
9270
8103
7413
5977
898
5478
530
4027
8990
1623
7131
911
1087
5150
2630
7358
8871
2307
2094
5235
3319
554
7971
3271
2337
546
4525
6851
2578
2525
8636
1847
6979
2401
4176
7876
7878
1057
8254
3219
9031
5384
4129
117
534
3110
3826
5756
1769
5920
7342
5087
2825
1665
4709
5161
2210
9233
2012
1139
8109
6999
9337
5087
9399
9864
9315
7276
7273
7568
6846
6303
2952
7327
2772
9837
436
6597
1944
2204
8868
9285
3642
8044
949
4702
3205
3158
3934
1568
648
8394
8566
6337
9833
4317
6200
5499
1592
3472
9418
4790
9775
8721
2116
8898
8557
2551
5494
500
1107
714
9785
1100
8757
7085
5802
8313
6595
6087
9880
7242
833
4798
3578
665
5466
6130
2515
3409
9601
1932
8198
5727
653
313
4624
5561
9216
6470
6061
322
7183
2197
1421
5939
9281
3574
4252
5875
9661
483
9469
493
1632
9398
7509
7097
5527
23
506
1480
8306
8703
7206
8958
5368
8182
4519
4583
4651
6931
1256
1833
5479
9028
4123
1111
2602
8374
3338
2262
5209
9158
2754
3192
8555
6614
289
434
6636
7146
1913
4941
2200
9118
251
7567
3651
1121
8501
8301
4403
9756
6485
9881
8784
608
7343
1385
8981
680
9998
541
9837
2751
3733
4744
5716
373
5177
2351
7518
7089
3643
6069
2558
245
9988
6209
1365
8488
861
5767
8244
7346
1999
7027
7953
9342
4763
3285
6373
4760
3826
6210
3862
3910
953
9577
4282
2481
8279
8151
9569
8273
4219
8478
8518
4206
4686
6234
9046
1899
8353
7289
9244
351
667
7196
6044
5429
6832
2417
6540
657
4978
401
918
2282
6329
5199
4762
959
9701
4330
9231
272
9159
4100
4477
197
334
3522
2095
5038
7162
1338
1740
7828
4885
7784
9608
1716
6552
2499
8725
1529
9251
9642
3810
5579
1193
4923
6537
893
5604
2120
1164
4762
6219
1993
4958
2904
1866
7052
4293
5380
4741
6033
3207
9625
3816
9167
1341
367
8017
6417
8247
7268
2410
2056
9198
3602
6978
5735
847
2581
4206
8362
3694
6776
6706
8652
9680
8572
5703
3972
3951
6796
6356
3509
6420
171
9027
4112
6889
7044
528
5135
663
2938
3542
9860
2891
6871
1946
89
5803
6151
8451
9497
2927
5156
8148
8958
79
202
9281
381
6997
5637
242
9769
2159
5620
3880
9048
9015
760
534
9677
49
428
9537
2939
7298
1482
3028
3101
7633
7830
8949
6911
9337
3448
2220
9416
3649
7852
6148
6998
3488
2741
6766
1999
8361
6997
7398
7375
7756
7931
7052
7804
8358
2940
7095
2008
4421
6474
1460
8405
4303
408
1667
9991
3855
3886
5758
3855
1738
1906
852
1577
998
3969
3575
9358
966
972
3085
5073
5255
6488
9229
9964
9427
2675
8323
3847
9148
9782
8604
9802
6541
270
9792
395
508
1902
602
8597
3807
1453
173
4804
1774
100
514
9091
7423
3598
4163
2677
85
9743
8993
5863
2417
7315
6061
1564
3449
4664
7717
9989
1286
3861
6736
1793
5762
7337
389
5920
5141
6913
7075
6914
7012
7588
2356
787
7537
6519
9815
3973
6261
8807
9835
8678
2474
5896
6593
5922
6911
662
2262
8196
4522
8997
6340
283
6333
3080
6202
7826
9993
3276
4739
3356
7216
7095
4142
4752
9965
3957
5077
2577
9115
4911
7606
1588
7158
551
3861
4069
1212
6123
8616
5733
1471
1308
2367
7804
4387
8568
1981
731
8195
6719
4087
1762
165
4580
6514
6481
4888
7942
5410
4003
2852
3015
1942
6362
3565
2155
6782
4776
4629
1749
6860
6099
3056
9226
254
7443
4145
2234
4525
8692
5305
4963
453
1821
9543
3318
4654
782
1259
63
1136
4111
3077
3078
6824
2994
1584
3605
4121
2564
1705
7333
8662
4761
6558
5268
8555
7055
3853
3079
5746
9157
8042
6198
7330
3936
9516
1983
1069
774
2045
2205
1236
1473
1634
4411
4466
3217
4367
4939
5780
6072
2271
793
832
8828
6060
5738
2234
9913
8816
7979
5421
3209
529
2750
3496
44
4732
4565
7169
3128
6769
4757
4601
8402
9167
5418
7970
9886
356
101
5957
2626
893
6788
7806
3305
2525
39
9569
7692
8018
1341
7253
8546
443
748
4941
5174
1664
8461
4654
8432
9569
9254
3185
5088
4671
7506
4973
5027
7606
929
4004
4851
4068
1809
4507
2944
1848
4075
6987
6217
1767
4239
1114
2209
1339
2406
3735
3002
866
8388
7786
6787
3993
7322
1874
8663
4828
6846
41
8785
4126
4045
9987
4545
5853
4493
7488
4052
4919
4474
268
6686
5065
1381
5246
2755
3786
8980
5756
1004
3719
9893
4142
7711
3567
6015
2726
4746
9212
2766
9882
3337
6810
9869
4233
9015
4361
1720
3066
5632
2545
9686
8669
3961
1066
3914
6715
1204
9246
8823
8559
2964
8715
2700
7027
8633
5066
9752
3378
4277
2517
3260
3965
5679
9480
8197
4693
192
6268
4110
5823
8812
3795
4491
2773
1213
4757
5839
8768
4002
4661
7326
3317
9728
6377
343
8360
1442
94
8090
2070
2611
7701
6034
8289
7180
582
9333
7371
6849
3442
9546
2012
7237
388
1136
4801
5144
6975
3568
9145
1635
893
2462
7714
3621
2804
6074
5062
9250
515
3483
1860
8215
9516
6500
1746
6449
2184
5468
3297
5625
1365
1660
9213
1753
2796
365
6896
6122
3932
2393
4108
1176
4854
1822
4796
4009
4247
6209
3258
4761
9691
1469
9327
5558
4320
7424
2006
6503
9243
1654
8480
608
9666
4044
2360
2461
4409
9255
4934
4692
7999
9041
5868
2852
862
7015
3213
1460
3224
2822
2572
9266
4291
1898
1176
8610
5673
9533
1465
4916
1187
9944
5523
7204
3987
4234
6016
4747
9840
949
9439
7839
9989
1658
7042
7203
8672
254
5014
8247
9428
7586
3865
3718
5835
5040
8679
1508
4572
143
2775
2110
86
4649
9313
425
8882
5328
1523
5073
6276
7313
2911
2617
8970
6305
6171
7642
2910
1184
5888
2337
5121
9752
6054
956
1143
4733
8815
5715
1227
1589
4176
7665
6237
9841
4441
1470
5168
5963
6542
7796
3276
5805
6764
2245
2109
9286
6238
5018
469
2126
7355
1942
8229
9760
2897
5724
844
1711
1438
2071
9651
1965
9735
2239
1805
4175
3708
6973
6489
6601
1120
9764
2405
7883
8361
4513
7168
4598
5883
3988
3075
3237
2281
7656
9348
5177
3379
192
3239
4816
8614
2889
3132
8348
5127
4937
8874
5186
8261
5362
1787
9380
1478
4191
3614
9838
5056
7133
4435
7290
7472
3862
6878
9753
1517
6225
1281
4895
2768
4520
6062
1381
3760
9193
6080
5239
481
4953
6776
8741
6667
8562
4472
8144
9105
4437
4333
512
7921
5119
7801
5393
8980
4678
1497
496
7254
2777
1742
22
3648
7803
1402
3760
3348
7482
5350
3828
2434
2125
2569
5452
7039
3392
3595
2495
7829
7927
9358
5749
3046
7158
7493
2025
8187
8989
8873
5440
8118
614
5461
1765
4769
6863
1876
8116
696
7225
1943
3129
5702
863
8581
9092
4255
8527
1586
2083
6454
943
7831
5851
4452
5324
4227
2638
664
3099
4429
8781
65
9890
6898
4833
3104
5125
9300
3799
8702
1242
3279
4403
2105
1859
9846
2711
6738
7783
4793
9543
8725
8975
5393
9528
650
9619
2165
1314
9070
6593
6446
5486
2834
9695
6670
5937
4820
5969
9735
3521
3562
3014
4275
2018
1224
4120
4728
4313
1902
9520
3855
6978
4847
9247
6505
5496
5218
5021
3161
639
7965
5959
6124
799
5653
2793
3087
472
5113
9174
344
8674
8539
4618
692
9762
5089
5419
4075
6990
1291
4281
319
6137
3528
6823
7984
5097
8195
1145
5735
6160
3455
8210
3310
9107
1002
2748
5931
2466
1921
6274
1139
459
7244
1830
6573
2332
3601
6999
5674
4891
1279
5992
1027
1158
2815
5362
6254
7361
6506
1988
9872
6312
197
3181
5419
7550
2281
1349
15
4201
3974
7506
1012
1217
9335
7584
3549
9287
4582
9222
4177
2212
1565
1555
3370
731
6917
9623
8092
9774
7963
7963
6086
4511
7496
7856
2061
9776
9204
8427
328
9529
5932
1339
746
1619
8922
646
905
9855
6219
1434
2067
7783
2988
5436
8514
9904
1410
2957
6030
9372
919
2115
3883
8414
9970
2295
4541
5525
7073
4869
1405
3005
6207
8502
975
1481
9147
8231
1335
1717
9664
9753
5852
9004
1540
4365
5259
2950
7321
1288
8673
4591
9754
2555
3005
6075
1201
3897
7951
8274
8765
9356
7630
4972
7857
4956
6452
3356
3186
4138
5072
9202
243
923
8205
1782
1639
3463
1083
5311
4751
9756
9902
856
8662
9258
6931
9863
3154
4881
4488
1919
4236
8469
3242
8445
3424
6045
1800
2961
6534
3223
2162
6776
498
366
8558
2136
181
5992
3799
4931
5747
3700
5786
4409
2957
9068
623
2462
3949
1462
732
4536
9930
3973
2980
9705
6369
4779
2665
2903
4354
4827
9678
4851
1544
4587
3338
1724
579
7136
6654
6325
7187
8792
7085
6495
4211
4059
8957
8159
1872
9688
2695
1801
3661
5674
7857
29
6805
522
9283
7510
5348
8961
8712
6891
9899
2049
4967
477
5537
1620
3154
9075
6763
6590
5570
974
7001
4526
5484
8872
4213
8178
7025
4225
204
4881
606
3360
5402
9888
7221
7101
5200
5932
344
5099
4332
5310
1927
6220
3281
5080
5295
6396
8022
864
3721
5022
5389
9204
245
5953
3734
7269
178
289
8502
7135
10000
255
7022
7220
3708
8574
3151
4051
3672
7482
5712
5598
3702
5344
7030
5348
8091
1403
6211
1811
6424
1599
7367
3020
3903
7452
289
432
4092
5142
7566
4091
5396
4588
1310
9103
3161
812
9505
3184
8293
1568
5133
8346
3264
2162
3693
1354
3564
6255
9517
6339
4205
6883
9359
8108
686
5999
8539
4777
1140
6105
8867
2887
7044
176
1990
6556
7339
7846
9739
5631
9414
4871
329
2677
3385
373
382
3300
6628
9898
5991
832
3132
5349
8939
3817
7699
7478
8593
8838
9934
3811
1724
6977
338
65
3532
7676
7911
3270
3307
3676
4492
9987
2704
4228
359
3085
7528
6986
2983
3518
4170
2466
5218
3108
6283
2916
6937
4875
1753
6870
8686
9828
198
5375
6245
3729
3051
4155
3350
6357
4182
4194
2695
6885
8421
3053
6321
2300
6391
5655
5817
560
8121
7386
19
4403
301
6956
5629
8405
177
666
8233
375
6041
4477
455
9091
4983
157
1799
5516
4350
845
8752
9122
249
5072
1422
6639
7079
3590
3550
1551
976
3569
5953
1276
6876
7933
9681
3404
4951
4265
130
7343
5093
585
2785
6427
7093
4583
1942
1442
1779
7045
6915
2027
8468
8336
8666
5546
8278
8567
7096
9253
8487
9400
528
1714
3685
6560
5118
8635
7176
1599
2329
8620
2183
5113
5046
5627
6047
3339
7068
7825
383
335
9851
8851
5022
4868
748
3299
9787
4196
2551
8273
3595
9431
9987
3631
2342
1456
8617
9518
3054
945
4489
1589
6057
9535
7215
8455
9225
635
6279
5960
969
2482
1162
2342
3701
1909
5641
3487
6104
8191
1760
6051
3973
8098
9681
6315
5905
8298
2184
5310
9242
6672
6898
1651
2558
465
105
1783
7451
2736
4094
4771
1569
5255
7112
5269
3515
2752
5108
9619
7295
6867
2021
1267
1316
1701
7581
3572
6350
6116
8881
5592
2788
2131
3594
1697
8947
50
9831
6397
9137
3924
1167
705
9178
8278
2326
2693
7382
7433
8663
4676
651
683
2294
8318
8735
9875
1889
5085
2342
7121
7028
5129
9251
6973
6826
4549
7022
6656
945
2511
6932
8463
9567
2461
3093
8244
1505
474
5676
167
1501
2678
7201
3794
995
2288
20
9235
3724
2362
2708
751
7490
8310
4075
667
2859
7448
3675
3803
9958
606
8618
9525
3066
1710
7768
923
2183
9796
1089
35
8825
4642
3828
9820
3281
3848
5406
7004
6209
8113
7754
50
2775
1828
7069
5633
5627
743
5787
5585
7700
4404
1461
7117
6113
5580
8039
4647
5375
5480
4681
4200
6473
8509
371
9753
8708
2128
6756
1268
6593
861
7669
9367
9040
4737
4999
4666
1831
7137
6602
5882
1541
8062
9351
7653
3642
7389
8652
5368
9220
3332
9567
5692
8192
6289
1796
3251
4769
4903
4518
1361
5763
2187
7079
1154
3275
8429
5820
1458
5565
2421
7339
7105
483
6689
1110
476
430
9761
5843
9649
9444
1762
1693
7636
4402
3488
886
9170
8391
1756
530
505
294
7608
1659
3568
6036
3830
1377
7953
6250
8716
5057
3084
1756
2518
9911
2185
8630
5754
1834
8074
3867
9878
2061
8268
3365
9298
7438
8107
1053
4319
4964
7698
1927
6622
7618
4314
451
8994
2266
3052
7709
3675
2488
5817
6192
2398
8001
4822
4503
6186
9247
8369
6063
1307
2989
5780
604
426
238
8009
1096
5201
5706
3022
1822
3323
3688
8624
8669
2305
1676
2729
2331
515
8545
4875
2912
6546
9696
3767
2731
5294
8487
5146
6600
1475
925
3555
8252
1162
7915
9348
6363
3621
8721
4536
3295
8760
3160
8315
1065
1187
1044
3395
1701
9588
8269
964
2485
4316
1082
1568
5961
9569
6713
8912
7395
3989
2467
5647
1502
381
1346
4216
353
66
8752
10000
8826
8263
8314
6242
5801
9357
5988
3853
5297
4257
1168
4133
4924
2250
5700
7237
8170
2412
6148
5564
2752
8614
7562
4254
5347
8907
8469
5699
8973
7220
2050
4150
1834
364
391
7634
6072
6378
7838
1368
6986
9006
5501
1910
1255
7552
9146
9424
6316
1645
1339
9067
259
8901
3320
1957
7807
1789
4007
3131
5360
6057
7280
3546
6420
7670
1179
2491
400
9017
211
7385
4374
2063
5646
5628
5966
1143
1403
2281
2788
9093
1348
3046
4345
1019
1354
8504
2807
5360
1634
4519
1416
5266
8064
7835
2935
5594
6678
3334
4610
3240
7071
8983
1654
2716
962
7619
3859
8716
6252
6646
7809
7599
6043
2153
8617
7396
7008
7776
2755
8642
2294
4171
3907
6709
8357
3193
2302
1386
2879
3264
977
9949
8598
2630
9016
9560
6601
2874
4627
9204
9519
8787
3154
1913
7292
8122
9308
4299
5897
8415
2940
4542
2585
3198
1250
7293
2743
9904
8679
1973
3167
9655
1921
1764
8637
936
7675
1589
162
8654
792
9680
7440
297
7945
4731
8418
7252
5382
4315
5666
4673
5208
4602
7871
2810
1895
6965
2713
6925
8937
5879
2931
7209
3994
7919
4496
8021
5859
4657
6674
3002
689
4113
3298
8633
5196
1716
2236
577
2382
7902
1601
7589
8855
5823
398
7101
2787
9462
4025
8075
1692
3308
5283
5686
1226
9779
3706
7085
787
6731
86
1475
7195
3384
6459
2390
1451
8695
9318
3832
2948
7271
1420
1802
3093
8170
8903
5880
3983
9279
3954
5675
2586
5589
7712
164
5367
7769
7248
2505
4499
3685
3980
1693
3420
6790
435
4870
5484
6104
5053
8431
3374
2825
6585
6467
994
1839
8698
1328
1117
9003
7002
55
4591
1065
218
6309
8833
3817
8814
9683
7501
9145
7728
7273
5934
8162
8494
1418
617
3547
6200
343
6371
2784
6809
3716
974
1858
5043
2091
860
8397
8497
1803
9461
8714
8111
4646
2530
3276
4328
30
2420
2055
3654
8354
6568
2148
9771
3537
5694
2322
3879
8416
1458
7039
2131
2431
8896
3525
873
6107
1921
9369
4261
7734
8082
2372
8731
611
1999
3058
6993
4419
1465
6998
2772
4384
9145
8894
7920
1190
1215
1798
9605
2672
8836
1735
1455
4083
1612
2327
6542
3532
1696
802
7617
9777
9525
6347
6740
1524
5757
84
5942
3573
7081
5065
7956
6226
3958
2228
7415
1524
377
3372
548
9213
5106
2002
9647
3069
4328
2540
6601
2375
3342
569
8504
9218
3268
5243
7093
9024
1678
9386
2596
8758
4450
6903
1335
4759
9130
5102
2635
9507
8473
3182
5071
9930
1535
1069
2999
2214
3609
5951
4589
3302
2871
3092
2519
6138
4686
9612
5161
6363
8997
4108
1472
9799
7363
2807
4557
6492
7908
3543
2350
2732
6724
3772
9013
4610
1193
2011
6824
4801
4313
1412
8102
7184
855
6972
3321
5540
2935
4834
8254
8284
8941
9725
8082
2655
2531
8990
5499
6790
2533
7848
5873
5608
7972
4886
218
9164
3248
7041
316
7561
4804
4769
4744
2010
1740
4416
7549
1027
9249
5802
9310
4542
1878
3743
7196
4409
9084
2694
7550
7968
6894
3423
9928
4865
8308
145
380
7907
3537
695
5467
4692
5463
6562
6701
3554
978
601
4580
226
2754
241
1119
4631
335
8315
5391
5771
1008
2941
3738
4253
2715
17
9117
7374
161
5848
5280
49
6542
747
1092
2004
7308
4144
5558
8285
4744
6489
4863
3849
6730
5981
8480
3416
4295
222
9186
1655
3162
9276
5907
5876
9292
1376
3249
5805
3575
8529
5853
117
5627
3297
8472
2934
7440
4029
7571
8536
6870
2433
8736
3599
4765
7215
7014
5412
7437
2552
3418
6950
1827
5676
9178
1118
3403
2426
6922
6978
7306
9127
7094
2932
2423
1917
2218
6214
2298
9788
1101
9167
8572
9837
9117
9688
3403
2482
5099
7191
5033
4868
493
6859
544
9670
7977
3946
8447
4898
7275
5753
376
720
8684
9150
2637
7253
5364
4934
7040
2816
4100
1963
9004
3216
1651
2407
5697
3101
5949
7082
7969
6441
3940
8512
6110
8268
8809
4557
3166
6084
6661
9893
6803
1696
9043
9439
8949
758
724
5988
3573
4823
4303
2577
4390
5953
1335
6439
9053
7283
3520
7021
76
7459
1884
6185
5727
693
7093
5244
3128
3753
1488
9930
5449
530
5721
749
1287
6444
3088
1212
7619
7390
3788
2008
3342
1474
4798
8747
5108
8317
2119
5183
2128
4003
7720
4206
1047
1164
5801
526
4917
7288
6807
6717
7818
2527
3817
5456
5323
6904
6667
2941
4294
6806
1300
3987
4631
6098
2733
9739
766
1204
4921
9245
1558
8992
3450
8956
156
5602
9481
1424
2890
6287
8140
7059
8814
1956
8866
488
5211
1885
3428
9504
8690
1079
3491
3321
7176
2575
3059
4294
130
4331
3538
1687
3323
6988
642
3478
8941
6474
4901
1830
2761
9392
5240
7926
7699
458
8413
2909
2342
8192
8765
1031
9270
2255
703
2798
1181
113
7091
1311
4444
628
9349
4118
3967
6343
3947
2908
2816
5199
1089
5576
942
2681
9853
8640
3138
4617
7900
5479
2808
6664
2861
8430
5270
9916
1227
2803
28
4669
465
823
5296
9813
4940
5615
6155
5238
4874
5323
436
2314
898
7729
1346
7103
2720
4483
1719
620
6313
879
3635
5526
9308
5257
5441
534
4411
5468
5202
4875
6291
6849
1039
7582
8815
3546
9172
3688
8868
5959
6002
6117
3688
3699
9571
6407
8182
1290
7026
846
2168
7013
6371
1475
8621
1811
8360
3031
3631
9913
4257
6273
6761
1647
206
5576
5192
9377
5615
411
5336
7968
2880
9023
1667
2450
5429
6200
3739
8807
7045
2258
2171
9768
84
791
7930
8443
173
7912
8355
4429
4184
1468
2427
742
3395
3971
118
5361
4381
1805
3329
3612
827
4995
6062
2608
7546
6152
7766
942
8410
9936
7061
8493
7078
4991
3288
7250
2902
7994
8030
3438
9461
456
4179
9207
4426
648
4568
5159
2453
7896
5122
9631
9242
1183
8590
3139
7335
6355
4080
2096
6290
1141
588
3367
2483
227
6968
1736
8221
4997
5173
7681
1805
5703
3240
2582
6351
7807
4092
5155
2054
9214
4785
7647
396
3375
785
4082
6081
4864
6177
8723
2356
3117
8441
4838
9695
5409
6574
7915
6757
8098
1948
8561
153
5187
7495
2855
9345
1586
8009
1398
799
9145
9044
7547
8871
9828
7980
1304
1043
509
26
3399
3625
8466
4588
3319
3874
1161
7586
6983
5611
9533
5543
5763
4719
3037
4969
415
975
9329
1812
8125
8473
855
5671
3696
7034
3651
4999
8076
511
5024
7826
487
9841
2414
157
67
9926
7742
7049
5536
7274
8943
7650
8344
8332
8970
8758
9306
8298
6921
7430
3123
4127
9453
6818
1160
9455
8168
5588
9965
3191
3413
451
9383
2178
607
9449
2104
8349
6497
3991
1974
5440
7993
6670
3771
6962
1779
9428
5260
8700
3209
4734
2826
2661
1551
338
2115
9718
2277
8431
9260
2041
5233
4994
4219
5840
4443
2674
540
939
6664
8865
2730
1008
5534
2852
7970
3665
2279
9581
2364
5488
4314
1541
4500
2216
1878
2967
8285
4154
1397
3896
6195
2982
8889
6765
8821
3331
9438
5712
622
6101
928
9703
3461
2814
2555
1430
6478
1185
7362
8841
3024
8027
381
7524
242
8611
6842
8526
9116
4590
8773
5310
7571
7661
2074
2743
992
7863
8454
7965
316
5734
7667
3776
8547
221
1557
5024
7758
8918
3864
781
6944
596
4656
3537
5558
1497
8414
4674
6087
7186
9983
3657
4846
8409
6400
2189
2623
1205
153
2938
3290
4172
6713
1836
744
8269
6859
8501
3538
7074
9282
481
4022
3937
369
9579
1786
8782
4252
7872
5967
587
7880
7165
5347
631
5705
7969
8188
2210
907
1477
6381
3971
3313
7124
8592
6523
5625
2129
9949
1258
2610
322
1546
9330
9900
3331
8112
504
1202
430
7442
9082
3946
2788
6064
9651
7108
4251
8212
4366
5728
4592
8337
5392
8067
6928
8266
43
9056
8214
1300
8017
8535
9198
7347
4787
2528
1810
5290
3730
2239
2731
9163
6185
1870
1578
2187
8977
5829
398
9695
7908
1341
8031
3299
5759
1310
1564
5802
6717
6130
3453
1086
1016
2650
4784
5802
1530
6593
7443
1611
8831
173
7125
1367
8394
8702
9905
3723
4530
302
3417
8789
7994
7799
2087
3753
5460
3
5906
2176
2484
5710
9613
3499
4712
4396
9301
6241
988
3095
7851
6171
3268
4975
3889
8013
3676
3794
1735
4558
447
1503
3346
8441
9301
1785
8545
1112
8139
4450
3288
622
159
9252
472
4870
3648
6124
1110
4635
9219
5312
7157
8838
286
1046
6850
314
4839
4937
4871
1637
6439
4568
77
2092
6352
4973
3203
4490
9422
2842
1463
5933
2094
1935
7154
2093
8058
4616
6727
7276
9927
3884
6113
6565
1281
9315
6878
2471
4251
1748
4107
7041
2667
536
9132
9019
5508
8687
9860
4930
7880
1323
7214
6325
9609
4367
8417
7666
8982
1496
1294
5261
1731
3758
1825
3011
3072
8702
1833
7322
6801
5939
4363
9467
6474
9846
4837
1982
4884
4697
3263
9116
2371
476
1792
1979
1194
6561
5996
6528
8056
7289
1788
6138
1047
3612
5500
4118
2313
7332
7792
9113
9622
8506
4931
6096
4703
9768
4429
9587
4464
7691
5054
6834
4518
6845
5164
2063
9757
1159
8590
7812
8448
377
301
5846
3988
2152
6315
2652
9483
4106
8116
9105
2611
3047
1552
7314
2814
5980
3252
3629
22
4657
6814
891
1501
1977
2953
7610
3135
7895
5421
7934
8271
2074
131
8611
4225
6446
7614
60
551
5730
9164
9514
5128
715
3179
7941
3046
2782
7921
3067
7438
4734
309
5290
6710
3261
2899
6196
1155
4672
482
5778
6745
612
740
7321
7057
8353
7380
3960
434
6543
9825
5561
3609
3003
3501
3006
5784
7773
2424
9573
2506
2732
4862
5567
2345
7761
1763
9851
8784
8596
5628
5528
9207
2719
2848
2616
1072
6580
2927
7857
3122
2751
3418
3083
5753
3270
6088
7888
1043
4864
7460
3548
7595
8673
9115
9939
2785
7229
9790
1568
5824
1769
3447
1382
4488
2647
3997
1911
9226
6923
9767
8699
9673
3184
1781
1777
6454
4221
6016
3848
9084
9827
7395
3030
8500
2861
2969
1284
89
9110
2852
2264
878
2650
3646
5365
5296
3994
3627
4521
917
9746
3220
6941
2929
1352
8718
5734
5572
1085
9581
1007
912
3328
4037
9411
6188
3357
7046
2629
2466
6249
1244
3343
8899
4889
5060
4194
8883
8686
8715
6151
8431
1934
3091
7712
3285
8160
9797
5209
5597
5730
2567
6508
9057
6603
2270
1596
9959
9315
576
8776
5564
1820
2119
4462
3060
7178
5007
8294
2215
3721
4444
6998
2006
3887
1061
1643
8398
857
3203
3994
6586
5769
501
1994
8724
2770
3590
8682
8437
517
3810
4000
2336
5928
4813
5396
9457
9819
41
8023
9892
4485
1372
8249
4723
2432
9891
3120
9641
3093
3466
2578
8862
3966
4572
7585
3088
4513
2618
1524
5029
6427
1875
3717
8706
6687
5464
8162
2857
5504
2537
2748
9988
3908
997
1062
2692
7239
534
2332
332
3999
4909
5545
7964
5832
9481
7403
344
8450
8926
1725
1229
800
5441
9934
3838
904
4448
6695
6407
3336
9442
2747
7243
6790
3808
9934
4029
4341
8617
712
8339
3526
2608
2655
9357
2088
57
6053
6889
8983
7777
8117
6134
9569
4403
9972
472
8850
6666
6878
2185
2459
5976
5779
5601
6136
2065
9629
476
681
6692
5167
558
9299
4173
6267
7738
4229
2319
4626
9563
6447
9095
2049
6015
3497
2020
2838
2346
5037
6067
882
3847
2043
3012
9447
8178
5076
5427
5005
5757
2118
6523
6314
7768
695
8932
1857
1276
1250
6483
838
4048
5577
9238
6414
9073
1257
9251
7770
2645
5318
5003
6492
3712
8014
5938
8241
3090
7717
3245
5198
9834
6120
1511
3954
6814
443
5810
4441
8044
8644
1631
8444
4220
868
4857
9644
8477
4108
3765
1121
5777
8767
7612
9488
6781
9902
7728
9870
7618
7324
5067
3803
3443
2929
7756
6609
9723
9918
1049
4119
8561
2679
2562
9133
3547
7418
8776
2023
7877
8893
3143
3653
7659
7107
3140
4439
7008
7219
660
977
4543
2078
4779
7985
1359
8887
4593
7433
8804
5642
1551
7364
4672
464
6496
8218
4234
1624
6592
8462
516
6087
2115
8174
3193
1606
8965
6552
8825
5976
7528
3367
8054
2306
7703
5764
1192
2296
3196
6347
4289
1099
3711
8960
7914
6558
3530
2147
8181
121
609
5048
6207
9075
3222
5751
680
8538
2302
5856
4513
9829
5574
8918
8487
3277
1033
6030
1924
4229
2377
2564
1679
2439
1523
9592
8996
5052
1739
3529
1525
8699
8576
7731
7773
8149
3482
4804
6686
2135
660
7551
1964
2585
2820
6802
2213
3853
9183
4136
4433
7911
3051
6111
349
4574
5702
5697
5977
3792
9225
3853
2490
7800
1584
6614
5949
1417
7770
8986
3551
8429
6536
1866
7365
5708
5019
9578
9560
4202
65
3992
8464
3116
6454
8813
4041
2155
4509
6369
2299
3733
222
1140
7884
1805
7754
3832
9573
5523
9170
3123
303
2057
1341
4019
7764
6359
3596
3675
6912
13
7666
5376
3128
4119
540
7168
2626
5048
9888
1276
5132
109
2415
3015
8265
168
3199
7837
2042
2368
7312
8696
776
5004
2715
8540
7714
2662
2214
4626
2674
6232
6353
5801
6702
6892
9320
9327
8291
9208
602
9774
5668
9369
9140
3933
5888
2338
1769
7930
1057
5432
6625
1833
435
5691
372
8149
8353
8937
2774
1026
5168
5478
3179
1870
8721
8850
7548
3363
4409
4502
3136
77
3870
2275
4009
9757
965
5777
4038
2021
1209
7015
205
1643
2705
6928
9791
7409
5865
8916
8435
7384
745
7965
9253
9465
6814
3153
2827
1223
4006
2314
1299
4227
4589
1659
335
5553
7435
4373
3925
4995
7739
4130
2990
6795
1057
9132
4204
6921
4400
8990
4305
5144
6954
9909
961
119
9413
139
1341
3418
2453
8991
7644
7041
649
7979
8945
4436
8703
2869
5782
2793
6998
8771
9587
8055
4255
142
1327
5006
9131
1983
149
2436
8244
7461
2555
7656
7600
247
1074
52
9238
5069
3444
6238
9399
2388
673
4453
1608
2807
7245
4958
1577
6832
9364
2183
6973
690
7188
2456
9025
3689
4891
7268
1149
3797
4923
5100
4044
2348
5151
9633
3769
4946
2222
9519
3685
2895
3972
5293
5701
7568
250
3629
4399
5965
2164
7724
6654
9351
179
2030
3039
1421
9297
540
5218
572
5639
5613
9271
7142
1597
3039
2087
3818
8910
2124
6712
2881
7416
8764
448
4017
8745
1199
6333
908
5274
2986
6610
5452
1368
6001
3224
664
2892
4793
7587
8530
405
6858
5671
2001
6248
4110
5819
5157
6233
8882
8037
10000
3998
4837
368
9094
6035
6700
6353
1308
6037
9314
3111
7404
5314
2686
4420
8205
7479
2006
3087
4235
8863
8757
2588
5111
9218
4758
267
5450
9991
4656
1801
340
9492
2168
9433
1878
5219
5785
9537
1256
1451
8999
8659
6764
1684
3078
1321
5514
5084
4407
9749
298
9515
8688
5408
5085
3445
2027
534
3435
6682
8687
3775
2525
854
9559
754
6073
1696
290
3680
3146
9288
2338
6261
7323
1768
3933
2837
3203
8339
8937
3500
4206
7624
5260
9290
7420
7286
6175
7206
319
4861
7332
9195
2067
6891
9948
4491
4938
237
8170
8083
5876
6859
695
3198
4978
4628
6034
8180
2966
4970
8032
3523
2593
3291
9164
6364
6928
1691
3570
3598
6551
901
2792
4969
7791
2739
9459
2728
9327
3980
7162
5202
839
7857
8399
5816
2484
4433
348
1801
9402
8379
1676
8347
8021
839
1062
1300
2529
4631
4897
5432
5532
4040
6752
9674
6778
2563
8754
6104
6542
5915
1305
3732
123
9703
5900
8958
487
6247
759
6241
977
8786
939
8997
9624
2000
6648
8505
6631
1544
288
8514
5583
7039
8187
8712
9601
3292
4815
2495
5559
2471
6226
5681
8525
2125
4639
9012
4723
1749
5252
5699
534
2542
1047
6509
4541
7694
1365
1171
5589
1652
9684
7523
5043
4223
6234
995
7514
7400
3489
3072
6222
9715
8753
4747
8191
9743
3758
9266
7843
5361
4964
4728
7902
2363
1236
8794
6408
8953
9965
1997
604
6000
5871
1998
6574
2105
2993
4088
5856
6481
7159
2078
2547
2263
6824
7090
8357
6933
6355
6199
8645
7670
926
2898
32
8514
1691
2792
7466
8007
1140
4421
4007
7010
2771
580
9114
5763
1019
1322
8595
4530
3399
1142
3144
6574
4583
1501
3506
937
4051
8502
4958
1329
1399
1342
6194
3089
4133
11
7448
5272
4431
1454
2281
7201
8385
7747
9315
5756
9068
7910
285
2466
5403
3428
9039
6337
4928
8896
7273
5331
3749
8582
3011
5147
9923
9204
4587
407
9214
2034
5678
9996
9839
4311
3549
4576
2057
2863
331
7476
772
615
6293
2526
4042
1683
8862
5322
6930
2486
7004
678
1068
14
5824
7342
9217
6762
7749
4782
8796
9778
4777
4986
4088
8325
9561
2496
1188
6243
9971
8311
6857
6263
7189
7251
4297
6050
8924
1226
4888
5927
1903
2307
2292
7726
9648
7860
840
3748
2641
5987
3526
7417
972
7613
2094
6885
109
3281
9479
6431
7943
2688
2694
1483
9938
3342
7533
5213
4568
8772
7491
6470
1078
9782
548
7077
7641
1387
825
6633
7373
4350
4049
4696
1962
2494
7932
8422
2126
7411
4853
69
98
3898
1551
6387
7239
5435
1599
1806
558
5441
4628
7987
5222
1527
5064
9214
9265
2240
2198
2989
6589
2598
7684
4902
5092
1968
9676
7217
9378
4528
7285
5827
4777
5188
2213
2015
6974
163
173
7532
5603
1152
5518
7176
2678
581
6389
1942
2820
8586
4930
5760
1183
8965
7014
2626
932
6689
9843
6661
7568
3479
2487
2344
8666
4699
4358
5640
1213
882
9523
6815
2033
5040
3990
1062
1973
6730
3003
1144
1667
4284
3256
9202
3249
269
1827
532
6957
1669
7193
4524
5148
6031
6867
165
7082
7576
5804
8294
4810
1678
5109
3194
6718
5450
4256
5042
2180
3610
6185
3846
4246
9440
9399
3846
9708
1226
4377
3016
2894
7921
3891
4393
3952
757
4558
1033
4685
361
9326
5846
2039
786
9039
5108
6236
9646
149
4767
9608
2685
8612
3853
2125
8011
7698
8184
5588
8426
7552
8481
2699
1442
2874
6650
2199
3783
4034
3235
4143
9711
9080
2533
497
4470
3992
3084
4116
492
7850
3723
3177
2813
3927
1653
7175
7976
6188
2762
2753
3739
7595
5451
5181
6820
8452
3731
602
2485
6965
1096
2196
2396
9981
9044
6865
324
2127
7332
816
6328
7406
3992
5492
1332
1996
2667
5659
8183
1780
8412
1922
9374
3862
7102
2545
2314
7184
9498
1150
4148
594
9697
2895
6926
8740
6111
7249
7218
3443
8064
9897
7200
8407
5389
4884
402
8055
542
8585
6186
5305
6858
5560
5519
3959
4456
4184
1142
3954
5333
1641
899
5030
887
7824
121
6997
5072
3691
6791
9488
3587
3991
7894
8975
8874
4648
3381
5767
3232
9567
1072
89
1478
6590
399
5933
773
7892
6238
2457
5884
7136
3838
6770
1311
3959
3766
2735
7649
6909
2222
1235
899
6467
6562
6124
1114
6294
1890
697
5860
9313
7137
3689
2254
7535
5974
9378
1778
2211
1835
7661
5699
5672
782
7009
5982
900
9743
3630
7808
8316
1217
8706
4783
4130
1181
2248
423
9422
2945
2635
8735
81
6323
7340
3968
2296
6718
5745
4507
4904
9758
6557
6927
539
3565
2909
1438
9660
2890
5597
4327
458
654
5461
4587
1834
7709
5010
1256
653
7644
6342
7085
318
33
1052
2614
6750
3149
3472
8005
9258
28
4932
9796
9944
4192
7586
5955
7081
3182
282
7539
3836
5742
8477
2021
9802
9838
3276
6806
3833
5969
3891
4151
6002
1294
6764
9103
4442
235
7108
3699
262
8391
9847
6557
2582
3784
2512
6014
6965
9145
3552
7152
1238
8381
9173
1040
8218
8800
7845
2051
4769
1735
6201
7122
9381
9316
6224
3822
5902
9683
3873
6163
8073
71
9071
7006
3854
1582
3020
818
726
2923
4322
1964
1303
3494
9355
9521
2293
7199
7923
3413
5286
475
6886
4666
9790
3110
4839
5691
9144
8711
8205
3569
5133
7275
574
8986
5209
9945
6156
2286
2868
477
4249
522
3970
9955
6394
2614
7154
4316
2379
8791
4790
9264
3456
4579
8725
4646
6621
7869
9709
4825
7789
4841
8452
4714
3827
3660
4659
9982
5945
3878
458
6546
751
779
6500
7145
9744
5
1460
2122
8795
2602
7738
8602
3532
6462
3248
153
682
2956
1329
8470
7796
9780
9536
7974
9791
4194
7955
2088
4423
4764
8633
5173
1894
1484
8669
1638
7841
129
111
6635
9082
7848
5237
2613
4310
4836
9117
1343
7791
446
9813
1938
6577
9348
9912
2720
9893
4218
4807
667
8982
9791
2191
875
7626
860
8864
5466
7340
8975
2101
6421
6822
3689
9033
7483
4876
4502
8826
2666
1299
4990
955
7875
689
7218
6946
6933
1436
1752
7599
6769
7894
9789
3995
5520
7000
2859
985
4339
1833
9437
759
5006
3125
6144
8841
8000
645
4018
7017
1943
9007
4324
6169
6047
1541
3115
9331
2976
1218
3281
6096
9112
9421
91
4631
6421
2949
5615
759
1133
5052
1518
2490
4528
7661
1330
8880
4657
5347
5896
2951
705
6571
9119
3103
8112
8585
2433
7439
9803
5713
3535
8914
5134
3625
9896
1554
2925
5510
2312
4057
6913
181
6546
7793
4193
4228
6672
8849
9574
8919
8151
6631
5490
7270
9733
9953
2206
8518
7391
2008
4230
7277
921
5715
7253
816
7268
177
2678
5932
585
5942
2464
3483
3734
6657
4062
6757
1857
9987
2028
8
6617
3869
3629
2702
3821
5834
1219
7563
7842
5448
1192
5114
7515
8444
2282
1134
4973
1311
3417
1909
7252
5881
5391
7338
2537
9452
446
745
9439
2473
752
2407
2693
732
5108
6513
6566
6326
428
759
8126
1619
2224
5640
6414
4505
3125
1386
5815
6542
9647
9419
2422
5037
3108
1310
841
9905
2054
6631
2378
9158
9037
1422
9889
497
7935
2806
3174
4714
3564
1299
2684
5788
3290
9097
6644
6415
6835
8811
9308
6481
4581
1729
7869
7688
3038
5061
7592
1443
1691
6321
600
7080
7743
6841
7576
2029
9646
749
6742
9562
8400
9425
5349
1689
4873
8344
4455
8059
7154
3762
4539
1734
1842
8760
5773
1231
3820
3365
2674
5511
6037
9625
2590
3779
2817
6517
2159
2463
3617
5252
8376
2016
1028
3724
57
5901
8419
4511
3959
5573
4625
4850
7306
6466
3609
9431
4049
7428
2795
3074
9290
5183
2698
8231
5314
1867
4747
7472
4329
8364
2724
2704
6731
3751
2779
6787
6003
1197
7650
6314
3121
2274
1163
6779
5091
1123
6209
9139
4902
9003
2212
4192
537
1262
2422
5850
3128
3521
3322
3808
1884
6045
2863
8614
6147
1993
1753
8502
9541
9402
4815
2662
1675
2329
9440
3117
9803
5648
8608
4704
1002
7171
8895
1538
4784
7669
7388
7911
1189
7061
8070
9424
9457
7284
4389
5603
9276
6141
456
8817
5542
5270
7830
3568
3950
7269
6685
3752
9268
1644
8456
269
8814
3702
8158
3598
7722
1897
7860
8910
8957
2282
4685
8413
9565
9074
368
5193
5214
823
361
756
6093
8190
675
6394
1810
7359
146
1077
9002
4953
7697
4168
5006
2206
4117
2728
4103
1976
7989
3059
4257
2674
7824
174
1747
8191
5366
3312
9013
5726
419
1457
3915
1094
7851
5724
4804
4348
3152
158
9300
848
4325
4305
3053
8441
3384
3507
6768
1373
6566
7377
4046
4389
7550
2144
8931
2915
1807
7943
4992
2226
5752
5258
3319
9954
7333
4474
4301
484
4631
3600
7683
5307
4256
7087
3747
7640
594
6867
5364
3511
4243
9409
4251
1792
7904
3181
1058
9710
7475
6049
1935
3226
7658
1605
3179
4990
6079
3831
5473
7061
3782
9507
2368
8038
6593
6114
2029
7186
9332
7392
7048
3574
3152
1298
5365
1055
4478
2774
7116
1953
8822
5403
1530
2831
7007
4709
7820
9437
8539
9644
6498
2321
9150
8865
6710
2095
1330
8738
5632
662
2481
2680
4235
5632
3977
5952
3038
8455
8725
153
407
3899
5555
1936
6729
8914
2996
901
8350
7887
544
4847
6559
6046
63
9620
8140
7745
4709
3771
8406
7189
6450
8992
2820
427
1295
2209
8881
6372
2361
5639
270
4268
3926
3350
3181
3274
4250
1530
7512
1146
2729
4070
7191
9143
3689
5330
6887
8397
5452
1644
1937
1902
6988
1108
2328
8282
3316
7560
4653
5676
9550
1274
9943
9827
976
9475
3100
5225
7357
611
2722
85
1032
9912
5579
1072
1593
2466
9468
7045
461
1404
8946
7448
2511
7625
5730
2178
1536
6734
7854
1085
4360
4148
911
5335
9975
363
6911
7331
973
9633
3767
2005
9544
9345
3076
1137
8162
8896
8181
8623
6651
3478
6070
5514
7454
8151
7691
8989
1237
1896
73
5596
2396
7335
930
2370
7697
7840
9700
5022
3824
9818
3378
3368
9162
6453
856
3676
1700
5388
2298
4703
5217
4719
216
2670
9222
4258
1658
458
2506
8082
2405
4901
5416
9686
3622
9465
3877
9673
4486
7701
9490
7863
1068
5003
667
8275
8678
2367
14
7327
3421
5230
2046
3636
7899
7619
4245
9556
4428
6750
3989
6832
8002
5756
6517
1623
5220
393
1295
9705
8093
7136
3919
5512
2139
4586
138
7168
3304
151
4495
6724
5380
2892
6711
3278
6862
955
9185
1289
4057
3173
4472
2058
8929
988
3681
500
7732
1327
6557
2177
4815
475
4040
3305
1412
4178
472
1067
680
1318
4142
6060
4209
7204
5689
1070
4511
1226
8710
8567
750
3181
624
9678
520
656
6530
4604
8335
3086
6780
3149
9912
7171
2805
1324
7700
3276
8742
8380
4594
9236
791
5154
6439
6479
2576
949
7704
1285
5867
4806
818
2843
835
1337
9850
7364
5940
8184
449
9071
7684
361
2594
488
8036
293
116
3129
5024
1061
2364
5814
6214
8803
8645
5141
6103
2700
2778
1970
7505
3595
4812
8340
1283
4661
5703
3575
9197
2504
8997
6880
9216
1590
3720
3603
8235
3835
6731
9610
4895
5447
5424
7460
4249
420
2601
6703
9471
1730
5024
6976
1676
6187
1667
2958
7200
3721
2884
6396
2576
1881
9627
1791
9822
3346
1745
8056
3532
8476
7666
4778
3922
9441
2238
4522
6212
1190
1224
5682
9271
6248
9009
946
8786
675
3903
5985
748
3139
2380
3323
5019
8359
1466
4840
8056
3210
9248
1588
8037
3265
6365
8310
2705
4954
2831
5268
2495
407
949
1765
3006
9958
2710
1791
6984
2965
7776
7731
6103
6507
7406
7473
4865
5223
8664
2921
8432
7911
860
2821
7527
3576
1130
6583
8530
313
1850
7376
719
2799
9141
76
2756
1850
8218
6091
1166
5993
174
7268
8852
7579
4740
3716
2801
9756
2988
7584
7666
3847
404
1545
7423
1534
8127
2304
8198
9977
9679
8916
2775
8819
5343
1882
7021
3560
7972
8186
9553
4497
1806
8404
2075
2897
8471
1227
2652
1459
5163
6670
1657
5566
8214
9079
3451
6340
7734
1648
6316
3765
6915
9090
8935
2257
7323
5955
2169
1647
493
8073
6143
2298
2828
4570
1546
1298
5796
4198
9108
958
867
765
2876
5432
6195
2678
1771
281
678
4439
4045
7592
3528
2979
6201
7203
5286
8369
8849
5778
2793
4991
4427
5620
5912
5972
6917
1708
6521
2377
9017
7387
3141
8244
9170
5687
922
941
5967
1599
5379
11
5542
5258
2990
8094
8812
4627
2814
7660
404
5606
9003
1182
1225
4914
7153
4494
2973
3674
6870
1990
7412
6362
6585
6582
2048
7506
3874
8015
5456
5604
4377
7350
861
7366
1795
9673
1992
4609
3684
8747
6566
9038
9928
4143
3952
3433
4988
3276
3458
1857
1617
7221
4570
8202
3802
6617
2059
4027
983
7515
9630
5360
1216
491
9077
3010
6515
7421
3970
198
2519
536
9236
8799
4678
9539
2231
6017
2814
2040
7873
4431
9260
8794
2632
9414
1762
4690
3440
9097
8556
3070
4456
9771
9912
9884
9133
6426
7304
3102
2975
9823
9989
8562
8621
1018
4452
7203
7034
7266
9242
1258
8048
8501
51
7031
7914
8165
8072
7706
7261
2980
775
1716
9102
686
7951
8234
3463
5255
7688
6437
1429
7676
1351
6401
8694
5802
3603
5727
9419
9196
6985
3818
4048
3387
848
8314
1551
5272
6019
8811
8251
6793
6878
7352
3830
4829
1938
7292
6435
9625
80
4215
3652
1430
615
2345
3584
569
4424
9354
6116
7760
3172
163
7498
371
8476
9049
5642
846
4211
244
7638
7441
3948
7819
8621
5885
5110
5055
1861
5190
5621
5512
2971
6235
4209
2906
3155
4984
2260
9270
2743
5431
9432
240
2153
4260
5640
4147
5105
9851
4390
9095
7291
4689
6913
5911
6925
8375
7317
8785
9916
2937
649
2886
5523
1209
5792
8677
6192
4403
7946
8934
6185
3729
5525
8337
4340
1165
2483
9445
7367
3225
4891
1009
7913
1803
3271
4838
6529
587
3622
6444
9875
622
5682
5397
1830
7825
425
8021
2227
4722
3306
8411
4802
8831
6747
9142
6347
5582
4938
3713
8806
9828
4721
6718
7982
7991
1555
4511
4929
1529
7306
1155
8502
2987
6551
332
811
3327
4704
3037
8048
4362
1447
2849
9544
4546
8342
5890
127
3279
5954
5284
3106
7026
2001
7440
1368
9908
8302
6296
7788
5607
3802
6289
8594
6704
2972
9404
30
7676
8793
4429
8389
6591
3629
7932
1136
1971
173
7614
5249
6126
9249
4707
9503
1250
8498
870
7509
6799
3517
5296
2405
7318
1584
7350
4021
4556
3106
402
8583
1898
4830
6971
8488
8458
4902
5976
428
1426
9941
2029
7551
9190
3087
3405
6791
1584
4274
4299
8382
4142
9594
7138
1459
7529
4488
1831
8436
7593
2232
3370
5842
7061
340
4329
1870
1593
304
2298
3018
6597
678
6920
5786
3764
324
2576
5347
949
6874
80
5090
2819
7217
2900
6699
8056
4730
5135
2000
3313
4856
7841
6725
5196
8522
8595
3140
5177
7244
6158
1773
7921
9429
7558
8036
6105
6485
3382
7053
9710
9813
8495
2528
3381
1394
5579
7789
2476
7065
9788
5788
1920
3981
2513
3467
8854
7459
6607
4030
4702
2764
2155
8974
8544
6064
7009
4648
2549
6742
1701
2258
6554
195
1138
6286
7940
6716
4074
415
132
214
2555
2051
4194
1419
5518
3047
8877
2124
3428
9930
1239
5582
5255
6134
1646
2263
782
4194
5356
8834
2803
8261
5380
292
4546
9671
7007
4972
86
3490
5185
8992
1893
5730
410
7410
8776
5638
5885
8555
5567
3475
4137
821
9608
5782
9435
6741
6327
1142
1926
5481
9402
7305
5773
299
6976
9131
5270
3413
2621
6806
2404
4513
2535
9165
8274
1310
4802
510
9865
6720
3984
353
3892
9943
2486
9678
3036
8812
819
4961
644
6572
8618
6416
3222
1945
5547
8492
5357
8167
5297
4112
9031
4184
3276
7304
5493
8077
4165
1709
1148
8148
8413
5039
4442
898
1068
3829
6061
1886
8790
6705
4809
3759
3120
8030
5703
5018
2873
1059
9536
4522
5170
8566
8705
4797
2221
549
9225
6385
8610
372
884
7022
1762
1678
4272
2829
5506
6684
1066
647
3388
5874
4405
2860
255
107
4229
9480
7517
3765
4001
9038
2330
9057
3834
4551
9605
9410
935
4566
9781
8171
7940
7894
9848
2211
7074
5353
8894
8139
6000
8634
364
6756
7845
6971
3215
2073
6450
731
2189
6802
6121
4519
5858
6306
5421
1814
5716
2707
6380
1848
877
4319
9742
724
2881
6815
2429
1774
1306
8428
6759
8021
1535
955
4991
4749
9380
7792
1832
1568
4593
7952
2438
6802
4257
7858
8616
9972
6917
4995
1820
7793
5665
7913
4869
8545
1079
7297
6670
8736
2076
3429
6757
3610
735
8099
8359
114
5891
190
8034
6835
4493
471
3637
8749
4681
2252
5073
7949
3598
3244
5741
9262
1156
6961
7806
8586
4257
827
7322
6332
607
4078
9942
1342
8528
4652
7807
770
4841
5840
7605
9333
2663
7593
4433
3695
6196
9505
1643
9793
2748
3735
5406
255
696
9563
8841
4952
389
6162
7636
996
6591
7577
2337
1470
8580
6495
2240
9772
2335
9844
5456
1349
3788
9888
5043
9983
5745
6685
9775
4844
419
5180
5099
1114
1094
291
2418
1482
2804
53
2477
5746
3981
1165
7215
2560
7660
9454
8683
6346
5649
4138
7694
9436
4025
9088
9418
6121
5772
5544
965
2542
7075
2415
8
8168
9057
8777
6002
1860
5181
4830
7605
9161
5995
1171
8072
6
625
6754
6351
2625
7243
396
8413
7619
9483
4182
3740
1606
9726
4704
499
3152
3470
6858
7672
2526
5634
3673
737
814
8502
4693
6326
848
5863
749
853
2839
3854
3555
5464
1096
3950
3876
8715
9784
4409
8806
1389
4134
3509
8240
3638
3330
5097
1309
5855
731
1333
2943
7896
9834
7635
4222
7034
3497
1322
7886
2688
5176
1441
4503
6271
1742
8378
1337
1526
2786
142
9266
3272
2
7505
3261
9683
2602
4569
5537
9684
2253
4831
7579
8438
2465
8152
5471
2314
9474
9709
5001
4649
1149
9503
7271
9242
4232
4960
767
3369
5101
33
2992
1455
7537
6252
1137
6490
7172
3026
6173
5776
7856
104
4214
6673
8255
9684
8986
7728
9392
338
8728
6892
6192
5999
6134
6775
7310
6900
143
2410
3284
9487
216
7173
5738
1353
3662
9262
730
6187
5037
4937
6290
5602
1609
4544
5286
6946
8624
1029
7283
7351
7921
9826
9701
406
6600
7010
3657
6743
5772
3293
6229
2339
465
8318
43
478
3931
772
6664
5320
5709
9305
921
3669
3849
2558
615
8824
3587
4249
2526
7859
4075
2227
8264
674
5588
8272
3768
7711
1564
6348
50
8380
4666
92
8858
4948
7216
1873
267
9276
1178
1188
2944
1378
3745
9910
201
3683
4159
2726
1541
8233
1304
6156
5258
3244
780
9026
954
2343
5373
1003
723
6390
7447
5932
1338
4662
7804
7956
3937
5333
5495
3232
3062
5592
3142
3262
9274
7300
2340
7167
1884
9995
9674
3493
3238
453
2518
4192
9148
7891
1546
6222
632
5344
8505
8321
5
2660
6277
293
7993
1771
3525
1054
7362
3018
668
2988
317
9359
6506
8552
9353
6179
2044
8943
2984
914
9486
2131
5156
1031
4704
5787
2727
3208
4108
2731
5867
6736
9376
3859
8506
9252
1265
2220
2269
1932
1559
8937
1290
8064
3840
6994
4242
5883
5936
3577
3148
5421
5707
8303
2804
6762
4090
5530
9969
4549
4612
5836
1284
3987
6046
6141
9590
3662
4712
1858
1945
6270
794
9586
685
4633
6580
1279
6868
8867
4855
15
4288
6914
8318
3443
3675
8759
8972
3644
9659
3583
5831
942
3922
8228
3434
3511
8242
8146
1721
186
767
8866
9772
7804
9851
2703
9082
6718
1569
3936
3084
5856
849
7753
5650
4524
6511
4621
4519
2521
4556
6701
9814
4829
1280
3248
4691
9521
7745
6411
6059
4863
1629
5830
2666
1479
4884
1747
8196
6452
2035
7631
8660
2883
5384
4309
3758
8246
8930
4628
767
9837
7680
580
4665
8960
179
5707
4832
4275
2118
890
9138
3746
3071
8155
1576
7954
6254
9771
4406
8288
3753
9417
7522
9136
3725
1280
7382
9006
2259
4500
8842
9939
1431
9858
5250
7962
5565
81
2236
4034
7323
7725
4131
393
5880
5706
4699
2133
1828
9104
6772
5580
4872
4293
1068
8596
5572
4801
7602
4183
9300
2795
4121
7082
9005
5722
5043
921
2154
7279
4954
9476
1355
5436
6221
7234
7493
919
5718
9320
6374
2489
1251
1245
6782
2318
9840
8705
7118
3793
9239
6417
2940
3359
3499
1944
5432
4893
2864
7586
8523
4169
7061
9878
5956
9633
3463
3448
551
5533
2767
6924
8021
4017
4520
1154
6335
712
6211
3452
856
5449
6221
3795
5160
6071
2090
591
7315
1305
4528
5838
5473
1589
5715
1428
1221
9177
1227
8124
4709
3993
1399
9082
4362
5919
6587
7048
2982
9149
499
3837
4598
3071
7632
6109
5493
9721
3051
2808
1026
7579
8645
2850
5519
4359
630
3091
9887
1856
1214
948
2201
8965
6381
6562
4883
2967
3609
7864
2116
459
8052
3065
9882
5683
5525
5374
1756
8575
8181
9133
2505
3177
1982
8023
3887
8963
1114
126
7171
8679
1073
9371
7643
7453
5932
8877
6771
5892
3092
5238
2702
1144
4654
2583
6826
178
4309
4933
5105
8841
4065
7609
2018
2399
1984
5904
1361
9449
2381
4883
8127
3453
4253
2122
7257
6536
998
380
2427
4090
5617
1481
1585
6623
4063
4762
6800
8371
9695
1904
7212
111
5865
5581
2509
7848
7836
222
7296
217
5104
1774
21
9357
3895
7278
2244
1245
4009
1023
1686
5977
2503
3270
2599
6565
8031
9399
1288
4077
7654
8499
4188
9870
431
6696
7717
8266
3269
1364
8482
8373
3138
8503
4081
3384
2132
6324
4628
6140
7346
2665
8468
6200
2286
1067
2765
317
6817
4052
745
822
8902
4932
692
9332
7980
8408
7597
1248
6124
2431
5972
5613
7285
6404
8996
9416
9080
9976
1907
2777
2640
374
8977
4926
7792
1741
1594
4608
2144
8690
5430
7397
3622
6121
6728
7953
880
676
5552
3355
3106
1524
8967
6742
4279
7963
6157
3358
7938
4415
2487
6929
1141
1463
8206
8932
9555
6151
3540
8050
4841
5321
5446
4814
7793
8525
2766
8672
9200
8317
2027
8658
6192
7345
5399
471
5307
7908
3828
9596
8674
6314
2877
9814
4128
1082
8746
3682
3585
8637
1731
8425
3957
3528
3238
1749
2052
2355
6772
7604
671
5150
2613
6863
2495
4363
7333
4153
8622
7512
3749
7296
178
2977
7109
657
410
2206
691
3994
842
2421
8770
1150
2301
8359
9250
4352
713
2374
8307
1384
7523
919
4598
6369
1634
8282
522
255
2145
622
7550
8674
3598
1011
9331
4007
9568
21
8001
6762
8793
3122
7911
1093
1481
3513
1797
2193
5886
103
9928
9760
7374
877
6129
9007
9158
6650
9261
1303
7271
3163
9976
868
525
9306
1226
92
5678
5578
6853
4471
8700
1116
5563
180
980
7359
8724
6865
3814
5004
6624
1187
5880
2752
6545
5038
5753
2157
2692
9375
1671
9019
6594
2195
4677
7820
8639
354
3397
1843
4824
8448
2958
6739
8627
289
449
3703
7153
4262
8706
129
1800
4585
2880
8344
5974
4985
501
8665
4359
2171
7684
953
718
8712
5124
9356
9065
8520
7550
241
3320
6860
3331
1946
7148
3779
2000
4301
4393
705
4429
2544
1642
3660
888
7615
8644
7740
2632
9355
6262
6667
6659
3331
5378
1782
9038
794
6653
6588
1034
9972
3447
4364
8270
594
4495
269
1246
5239
7326
2026
7782
8967
5686
5021
6581
681
9112
9212
6387
5374
5878
3045
5056
7607
4826
4094
8401
1479
681
9434
7802
479
150
6071
7424
4644
6340
8670
9882
3665
695
4015
8983
2732
9036
5563
9765
8147
1127
6151
9872
7004
9196
4928
4611
373
5373
3011
8203
2405
8796
6005
2883
8945
2075
6658
9940
4766
1679
6173
4782
2374
188
3764
1457
5575
5679
1221
73
6805
3724
9945
3808
9271
1224
4770
9643
6596
4132
7846
5352
9280
3850
4586
4576
2276
1243
868
3394
2922
7040
8175
1647
3579
8291
9455
5505
3969
7028
5578
773
751
5522
932
21
3097
2054
6015
6044
2537
3860
1395
1816
4061
5980
2744
2689
3574
3611
6082
6495
650
4256
4493
581
8898
3948
6085
2866
975
1662
9990
8077
3535
7274
4449
6631
9327
463
9026
8215
675
420
31
4735
2751
2774
7423
6325
2736
9856
9171
9737
4112
16
317
9361
3963
2754
2227
1289
767
8568
9365
654
5841
3813
3636
1519
627
2662
9734
1301
3081
6116
2388
2184
5241
6162
4860
7976
6018
382
7712
6481
397
4381
5841
711
3486
4419
1999
4252
2987
7715
4905
5179
7879
4893
6698
4858
7554
2783
6158
6986
5250
4897
9169
6842
7411
4028
1169
3428
4410
5232
6260
1158
9612
8452
1869
9449
2871
219
53
2209
4286
1309
7387
8516
6201
436
3373
3754
9570
5883
740
1171
779
9908
8012
8189
288
9180
7968
1049
4412
579
2206
375
9031
426
9824
8253
645
9876
461
4930
1184
4199
3445
3737
987
6818
7490
6908
9052
8229
8079
9830
4489
6090
4371
4776
1622
8690
2176
2385
9269
4381
2759
4651
4807
8934
2903
1803
5161
3363
6732
2697
3913
6528
6433
4899
9697
3922
1807
8748
8503
6237
4930
2991
8678
5652
4118
299
4341
2645
2683
9961
7025
1794
4611
8183
727
7513
9985
2240
7227
3068
4936
1140
5948
7720
2390
1996
1641
548
744
6495
6784
2025
5837
1814
7676
6306
2112
8368
8950
1147
4681
2327
9292
9291
509
6370
3156
6846
8609
6734
6265
9896
4225
2212
7615
6615
4208
5608
7162
1303
2102
298
9679
7939
2111
7354
596
574
2073
9546
8072
6753
1872
7363
2396
8732
3733
1903
1929
2341
8636
8194
8589
2861
6757
6203
5827
7316
1810
9340
8618
264
9637
8296
4554
8099
2001
5149
5025
426
4694
3096
3530
2917
459
5925
8001
4191
4179
9929
2883
9167
4474
1471
8379
1231
4026
4205
8546
2187
3544
3516
2450
9533
8163
7003
3983
6516
8504
9007
6941
9549
2103
470
2466
2561
2747
6818
3103
6925
6746
2337
6091
1220
160
4469
8802
4185
5025
3699
6371
8569
7214
8821
4453
1729
2175
8435
8244
7030
7442
1536
6579
5896
2005
5396
4808
1103
2213
7910
8028
8958
6598
470
6529
6757
1291
1682
941
6315
5381
7312
4883
8946
2484
5687
674
1010
4122
5269
8040
7915
6804
970
3810
5161
6365
8617
6263
8577
2878
642
3886
9475
7464
6767
2584
8754
8448
3524
5068
3828
7187
6303
2774
6022
1989
9799
3384
2462
1420
1423
376
8223
2392
4185
9735
5108
9153
2350
3684
2030
2991
3921
7857
454
7039
440
5559
5487
315
627
5666
7502
3281
4791
9875
1621
4590
3258
4083
6009
1032
4458
583
9775
4995
318
4882
4147
9019
4917
2529
8361
8838
385
8815
5876
7176
725
7714
7490
7703
3380
1343
983
8170
7570
2604
9111
827
6686
5119
8211
7495
2054
7985
8841
8723
2867
9340
7741
7783
1868
6101
2972
8604
1267
5200
2131
1992
2913
9620
9694
2644
963
677
814
8532
9632
6276
5710
2669
1395
3920
6515
9800
8257
5356
8522
1123
1047
6262
5257
2914
2362
4581
7869
9981
9780
9999
1972
9044
5970
8017
8040
3284
5045
8853
8167
4676
1480
3877
3696
2874
4148
211
9025
2404
1918
7546
9878
2964
159
1487
2229
8873
6067
6449
8853
2198
6447
7176
7593
8768
5192
5632
2052
237
836
218
1264
2316
446
4960
1541
946
1522
566
3349
3439
4463
9579
2754
4622
1065
4982
3494
3483
7782
2346
5680
4228
9521
9624
9347
1064
5256
1398
7652
2443
7968
5268
4758
8413
6579
2651
9358
8100
3216
9059
7890
4030
8637
643
8651
6053
1976
2144
9535
9757
841
5214
336
6713
4837
9682
7777
6444
7432
1780
8887
5399
7047
9996
163
3625
2646
9521
1724
2213
8579
5965
6243
3567
2959
4893
9619
4934
3389
9153
1042
4229
718
7729
7294
1906
3763
5070
4702
1194
6849
3588
2944
248
3583
3106
3872
2581
2626
5596
4793
7556
1560
7387
7474
4519
8632
3444
5804
2020
2596
3198
2600
9665
926
9893
7923
1040
1314
2624
2233
4515
6211
5176
4762
6145
4634
8633
5077
3611
580
6222
1167
8492
3608
4992
9362
2239
8436
1517
610
7383
4714
9562
3400
1992
5806
1322
3031
7120
3945
1616
7986
155
3143
9099
2651
7776
7731
7728
1387
4663
3949
8905
3154
3908
3896
8867
6147
8683
383
3108
6066
1449
2669
9465
3440
4827
786
6470
8298
4730
4437
6283
1236
7580
5381
238
5355
9463
7965
6741
477
8265
5645
9982
2173
5893
8848
4671
4575
5583
7778
6992
7031
6799
6456
6822
1625
3593
9643
9922
4674
4080
2556
5909
1659
4288
2499
7013
102
463
106
579
8728
2102
560
900
7994
5760
5570
8921
7694
9699
5912
4724
6497
8720
7897
4473
8664
7539
746
3338
1618
9653
5598
9628
3940
8096
6641
394
4911
6746
972
3638
5199
7883
889
3193
9994
2810
8465
7687
8860
4376
8762
5357
9447
6658
6181
8111
549
3279
1448
2166
2931
3397
1794
6871
1493
4786
3616
6403
7883
4587
6392
3081
8821
3632
2625
8815
6441
1089
2853
5300
1817
1615
7008
1263
4624
9541
9373
5172
2819
7172
3690
5749
569
1835
8971
8413
6620
2586
4815
854
3524
7558
3934
2345
1189
2911
7511
7629
351
6715
9280
2167
4681
2640
3430
9305
2180
9154
828
1350
2678
4517
3450
3246
6351
2421
1658
9322
1358
2824
6527
4882
381
6813
3578
1569
9723
7440
5549
73
4154
1180
2240
5187
171
2021
4491
8702
7526
1670
51
203
6187
3501
9800
8889
2273
7809
4563
3630
6984
1089
8511
3716
7901
8440
1636
3975
2231
3536
4048
2737
4716
2639
7923
4886
1011
8765
9940
4888
434
9990
1443
2972
3490
1242
8213
5762
5403
2775
5744
8738
215
4254
2454
8116
9046
4089
2090
1276
7625
2489
4012
8692
5127
8286
3577
2489
7050
3516
7377
3836
9858
8819
6807
9699
6412
1371
1813
8166
497
7556
6904
712
8161
9357
5179
7206
3445
3620
4834
7421
6109
5197
6112
7587
3483
6041
6428
6884
5908
3804
719
5765
8974
3878
5464
1737
1600
7276
6255
2097
4831
3158
2808
9343
8866
4338
6549
8662
7957
7734
6083
4065
2930
2194
8004
6412
8234
4431
9648
494
4586
6718
6258
3559
595
8073
1647
8547
1700
7901
643
2882
7410
9802
2225
6275
4139
5125
4937
2095
2858
7371
2512
5787
9564
515
8551
4150
4945
8198
4643
5882
1267
7252
5792
8214
1677
7438
6760
9728
1691
7402
2610
9100
7203
1186
1727
1341
6310
6663
9787
5519
4033
2298
1305
9948
9164
6207
449
460
756
1443
6341
2023
5047
2132
236
6723
5922
6995
2802
7612
748
5411
3063
4302
2948
4789
5642
5609
7803
1780
1127
8187
4078
2432
8135
3241
8638
4935
3701
5746
6378
6393
7768
7776
8525
4355
850
4446
1349
3651
2057
8448
5414
1471
2749
8361
6260
4742
3970
4062
6521
5096
2249
6950
3879
6735
6543
8869
1669
243
4614
4398
6635
8733
2173
1511
3087
3022
5956
4435
6673
4364
9234
2086
5835
1982
6798
8446
6723
767
2507
9595
2215
4755
6545
6093
7841
3087
4961
9510
9681
5926
3907
2667
4658
2432
530
7744
5453
6485
8530
8477
7201
7763
562
9387
6096
3712
7832
2818
4478
6690
8765
6692
7797
5309
9137
5637
4747
449
1498
779
6375
5405
9797
7384
4188
326
5128
5992
6811
9
4469
363
4124
1382
6101
219
5093
3932
9389
9571
621
8153
2614
4769
9813
8102
406
911
8551
1903
1689
1277
3659
1485
5012
7846
1811
6491
3838
4973
6500
4658
1687
623
6039
7787
7193
1132
8070
6581
7054
5042
1085
6019
9811
7249
4121
216
8159
9023
8470
6199
6651
2129
7684
1662
6326
5846
8153
163
7170
4652
4820
8856
1626
7211
2994
8818
8342
1063
1751
1747
6104
9187
7765
2266
6436
1885
2481
4594
7259
951
793
3909
9431
4828
5571
5756
673
3723
2271
4194
4726
3442
3049
2703
652
2394
7872
5345
3456
9622
7091
5911
8809
4856
8177
5244
3092
7009
6189
351
7959
3333
4259
3741
8160
6181
9497
5184
6255
1767
9377
7332
5208
8777
34
2212
1170
7906
7556
977
3879
4647
6888
9039
5854
1416
634
8945
8424
6823
9295
2735
155
9906
6475
4667
2438
5971
6202
8693
4089
1931
6024
5649
707
2410
7860
8229
315
5415
5557
545
6413
8796
9584
2266
211
217
1211
8635
3391
6857
1369
3546
3114
4195
4564
5552
166
765
596
606
2695
2971
6254
9754
5380
465
4334
2046
2232
9890
8943
8644
8686
8526
7262
8896
8742
4824
3882
8485
8032
1602
2030
1146
5797
2945
3049
2314
3709
3644
2919
2756
2966
5525
2509
4698
5989
6842
6743
8220
3083
5685
3216
1768
562
477
7016
5656
1652
897
4140
9683
8851
2521
7180
4647
5465
228
6960
5525
223
9878
8280
3189
5402
7140
7886
7743
333
980
5962
3416
3017
5529
1535
9930
2357
4902
5585
4008
2151
9724
43
1001
8596
7222
5647
4060
7450
2606
5937
4024
8835
568
3564
589
7708
7801
8331
8040
8781
644
7807
8149
6173
5694
8078
4881
595
15
8889
2745
9738
5283
3745
4686
2504
9391
5097
6305
8348
1033
6681
7183
1601
244
4123
5660
8045
2453
51
3177
3096
4210
7677
5620
9903
5754
501
497
5768
5741
9594
1858
7375
9690
2895
9878
5433
7991
2535
3780
5376
9215
7314
3328
9458
1436
8987
3854
240
5389
3382
9688
9598
1058
5307
9500
3164
2159
6349
5283
4251
5942
3492
1625
5631
6386
7855
1063
4377
389
1195
6104
5955
4860
9431
5412
6296
8417
5618
6535
3805
8999
6222
9755
57
7881
9254
3220
39
1954
4854
642
4247
8346
2266
6230
4731
120
7292
5459
6860
4838
1562
2814
9698
992
4578
2345
5760
195
5231
5917
5545
7805
5671
1953
5685
1276
1524
2075
3230
6378
2716
3828
4723
1334
57
5805
7805
3701
1264
4665
8538
9177
3830
4587
169
8407
6931
2280
4953
2162
8196
498
9966
218
8802
2002
7846
326
4076
1075
6703
3144
1254
7777
4477
1311
3581
8633
5011
4844
9649
3548
4021
3479
4487
541
8237
1417
2820
3190
9930
7368
39
6247
3937
8840
8248
1782
9165
8676
9208
2219
1819
462
9995
2647
1772
3576
1279
6782
4771
7280
6681
5143
758
7519
5683
8994
8936
4855
8535
5217
8574
4925
1464
2510
3765
6063
644
9281
4738
9851
1500
6556
6664
7846
5554
8435
1421
3185
1568
2544
464
4601
7686
1221
2119
3369
6566
7406
4575
5101
8975
9500
25
438
2009
141
6500
9004
5774
1238
8855
7273
4145
5518
1470
9699
305
2891
9235
8224
5434
9698
2824
9471
7270
1295
2839
3835
8700
3765
5287
7674
3264
1664
4463
1625
1804
7315
628
7577
4904
5834
1201
9048
7704
2671
5098
8008
1913
4332
6231
3698
4029
5407
3168
1298
6701
2359
1485
1752
6123
6771
5778
5739
8434
240
3715
6590
7554
4342
518
8809
6528
8071
7857
4231
741
9306
8590
9005
9990
1172
9054
370
6578
2221
8020
3278
931
9504
1382
3406
2626
7159
9144
7412
7398
2858
353
1304
3551
870
112
78
8940
4320
660
6032
9978
9249
5036
9967
6773
441
336
3350
2662
8355
2980
9944
7858
4361
3349
6836
1519
8844
4247
5268
1701
4599
2923
1604
1820
3035
8033
760
3706
8693
6791
3683
4293
8179
1
1065
8619
337
767
7632
5043
3746
7576
9253
4458
7276
6088
5976
6120
334
7595
4172
1284
518
5775
3103
9904
3808
214
3609
8852
3357
3644
9496
1535
3644
561
6505
332
7679
489
5375
1424
4416
4627
5881
1691
714
8208
7810
7399
5802
1982
5034
6319
4108
4488
6222
4267
4702
6183
3118
8058
6178
8966
5944
6173
9526
8800
6505
3556
9288
8231
4979
3703
2857
7211
1746
9922
1770
5907
3672
3923
4240
5057
6594
8348
9544
9167
2614
4245
5349
2084
8654
7878
1049
4597
4051
6926
3397
555
481
9036
8785
1811
9091
7993
5373
836
4266
7142
6742
7937
7416
982
2993
4009
5681
8888
3176
8294
3133
4876
6729
1786
2754
7777
2735
6804
1054
6131
3710
1534
1518
2494
9696
608
6838
5068
7795
1103
8561
889
5391
5977
8222
4735
9985
3902
3622
9512
8547
3106
4388
1628
1244
7141
9404
3978
296
6810
6460
4005
4695
7977
2850
4391
4937
9687
5810
2731
7141
4371
3619
8883
6699
8192
3617
3035
2093
3590
2547
6992
3048
6934
8619
4291
426
4374
8268
721
1183
1079
1077
2230
9055
3926
6620
3991
9964
2429
3074
7104
3151
3044
5986
9849
1236
5954
2884
9680
5895
5430
3023
8942
8715
1641
9584
5492
2367
7851
2564
9901
5281
3640
2130
4336
7565
5101
4678
3880
7530
4103
983
680
7147
3320
6881
4734
5625
9764
4413
7871
1545
7436
3165
259
5428
2748
5750
4146
599
4665
4047
5879
8304
2528
6566
2220
7629
7596
6099
5158
1698
3433
2189
5196
3104
9069
9929
8728
5184
694
2950
6728
4481
6114
6986
6260
8862
9087
406
5812
3751
804
1690
2054
3331
4608
625
7311
8555
6723
2468
252
6507
1009
1800
9610
6429
8080
4689
1613
5125
7639
8340
9605
3752
1678
2217
2613
7116
2622
8424
867
9777
6466
9272
9459
7425
9897
6770
5979
2971
5589
2582
5830
6597
4381
5439
9378
8813
128
7342
3937
7766
2033
3542
7869
3710
2110
482
826
1083
5257
8044
859
1722
7315
317
5498
3563
3438
1476
2886
9027
4058
8715
1975
4790
505
1352
3602
632
8693
7539
4749
726
7432
2618
787
9541
9451
7964
6975
4707
6007
7833
2781
3322
4501
8278
3236
7939
6106
2473
6965
163
7539
8939
1304
8044
6643
4906
8675
1687
8796
9776
8764
6227
8745
9551
2119
8195
7514
9093
9253
3521
3277
8385
3194
7777
6663
2781
2067
9120
5254
5383
9282
2792
674
6937
835
7316
1842
5862
5354
6989
1989
4118
3215
733
3668
1685
8927
7533
7129
4531
7405
6757
2916
6950
886
5930
9731
2952
5049
1336
8335
682
479
9008
7618
7666
2675
5812
9879
8028
2800
1867
2145
2367
2599
2164
403
7877
9697
7532
2407
3453
4288
1674
403
5173
7603
6485
4477
2651
7820
2811
9684
4650
8170
3654
2315
844
9465
2193
8871
2264
4059
7368
982
3009
9531
1385
885
5579
5268
9644
9032
9555
1317
5786
1080
8920
2270
1908
7922
89
4718
3958
4738
9239
7611
3405
82
7075
5597
5304
5690
6008
2671
3024
5368
8554
4408
2605
4132
9675
2248
9515
5581
9916
5300
3012
5187
7569
4919
9461
4009
5988
3418
5099
1578
7380
8503
1659
806
451
3315
6495
2810
2337
5870
4530
890
277
7134
1374
6303
5733
888
8236
5648
2540
1247
835
108
2518
295
469
4857
64
5567
6435
7443
421
4445
8248
7223
7759
1094
6385
6448
6964
914
3689
3592
8047
5062
9895
3779
2302
8130
5778
4841
5728
6612
1300
8245
3258
1768
3102
9673
3686
9536
7115
458
332
1714
4033
4443
2808
6769
890
6123
7682
4578
9714
2080
9640
9608
2210
8293
4089
7987
3133
9817
951
4432
4413
560
2552
7514
6585
2589
3401
3699
9399
3733
1765
3431
8175
924
199
5416
7046
4232
9993
6759
2663
5984
2719
4872
4276
6807
9210
3760
2975
6512
4544
7388
3424
7095
4901
8
6035
4654
58
5433
4738
1822
5215
9264
2745
5413
4679
9790
5996
1023
2901
8658
7007
1971
3529
7634
8777
9091
1394
1752
5602
5937
5491
5377
9383
6743
5384
5417
1396
5442
7202
2485
3615
2416
1748
6360
4181
2778
2501
176
3801
1753
8834
807
3723
8714
8440
8852
7804
6185
6955
9758
2121
2445
5134
7855
9187
518
3272
6935
2311
6825
9419
5925
9240
1167
8636
3420
3944
7489
3596
4096
5593
8781
1254
9316
7494
6046
4519
1650
2230
1473
1407
703
269
2892
8557
9455
9761
8180
2741
2071
5004
2160
4348
4244
9678
9335
7663
9973
6823
7610
4069
2416
6390
5322
8083
236
1367
2601
1885
9949
425
3291
651
693
2534
9207
6499
2295
7387
9240
4365
2390
7751
5064
2985
7428
4399
7000
7400
7573
4609
7820
6340
7351
3142
774
3938
860
9726
5822
7160
150
5464
7810
7194
7997
3369
45
291
755
5636
1008
9496
3386
2423
2481
813
6821
9480
4564
746
440
8736
7085
4142
8229
4211
8079
9088
3936
252
6248
4086
5715
409
7631
3712
3777
7675
354
883
3310
1361
379
6695
3784
9211
3859
6956
8690
4775
4053
5481
3510
7490
5975
1738
1700
4053
7177
5635
4305
9776
6072
6371
185
3703
82
3961
1377
6788
4844
4687
8148
1574
7733
8283
784
7944
1591
5825
2718
5643
7657
6227
3132
3631
4316
4831
4036
1492
466
4692
7620
6537
1062
7804
239
7496
8116
7968
4283
9311
9006
8782
884
6738
3417
1667
4681
5007
3843
3750
649
1500
6328
3781
5130
643
4963
5517
8487
5428
208
6106
8317
7622
261
4907
1469
8376
2874
2103
7687
8231
884
4922
4969
4300
2941
6001
5658
6783
6103
6307
8282
2430
6439
9764
9425
1401
1632
4263
3181
8192
6720
1497
5813
6980
2755
7281
1707
1981
5735
5745
211
6618
667
5179
7270
3607
7532
2927
6741
9986
5585
1375
2415
8375
7490
8191
9776
9121
2453
9308
7312
5524
7156
3124
2503
9910
6756
4210
1890
8842
9954
2101
5460
620
3631
9081
578
7514
8359
3671
7499
296
5045
6266
8670
2534
4456
4797
1654
3261
4104
8966
8784
1259
8441
7639
7521
1549
1848
5762
390
8153
7862
2201
5125
7845
7633
5702
5358
5992
9372
2857
6287
768
5474
4956
3301
9929
6105
1307
9541
208
6624
4677
7819
5064
2315
1691
2964
514
7452
9706
8666
1666
8258
3790
9510
5891
5844
1219
1882
1567
427
4520
2335
5900
5827
1987
2181
1931
3293
1721
2139
9916
2749
6309
1332
5063
7999
647
5576
1802
352
4242
3467
4962
4383
2976
852
226
4195
9085
1793
973
3604
479
6873
9430
2465
9053
7713
5758
7125
9851
5673
9874
2511
7004
4936
6861
7651
6864
5014
4354
1105
8481
9315
5487
7808
6518
2065
8354
5602
3857
9327
5557
687
6199
1339
3151
1603
9051
8908
8727
5253
933
8600
7763
4288
9888
975
8290
6751
5988
8996
4207
4468
4662
9693
8628
1180
1757
6981
3133
1965
2659
8690
9003
8857
28
2154
6811
9078
7413
5538
682
4697
489
8444
8985
376
5770
3626
7126
1757
2621
1332
2577
7283
7377
7556
4814
5485
888
7946
3802
3547
6635
2804
8755
3014
1309
5566
8443
8722
1103
9124
9770
1591
3919
8754
8319
6040
8732
1796
7797
1352
9480
6725
4986
3208
632
9799
8692
1519
4097
8845
5065
7083
8001
3820
97
9309
9385
4891
4382
6839
4015
4152
4781
4285
9257
9451
325
4340
1247
4473
2044
7078
7549
7029
285
8180
3180
5328
9698
3628
4173
1115
710
8525
4934
806
7833
670
5697
8567
3860
6063
9070
8640
6699
4678
8091
3375
5370
5689
7847
7413
2766
1747
793
3050
9926
324
8377
5976
3951
8901
7090
4661
7425
8375
5466
1610
9044
7514
6528
2903
9928
1949
7894
2979
6626
2336
6353
1995
8024
4200
5759
789
5946
6552
3838
2224
6875
8567
4551
826
7467
1640
5486
1244
6366
7303
2853
5409
1169
5732
4663
7448
7680
8908
426
657
1244
6779
2652
9267
7330
8410
56
9627
1313
245
1850
8188
5163
6400
5365
8982
4391
7202
225
756
856
9429
2516
2024
5160
3530
5824
2839
2438
6249
3495
3681
9379
2498
2947
6708
7260
9354
6335
4924
5951
4536
9463
1113
7288
4827
94
1678
2028
318
8786
9236
6098
1301
7611
1257
4831
3434
447
3620
9683
294
7300
5413
9143
6598
2121
2754
2304
4807
7678
8254
9342
7140
5718
6629
1967
2164
4659
346
8833
3444
9581
4931
1096
7192
2539
2278
6977
2986
5897
6659
9631
9548
2072
8773
2498
544
1527
4801
5350
9204
9406
1043
2695
1475
7672
1013
3638
8682
1359
2471
8477
7291
3753
9572
834
6291
1850
7811
5628
4098
821
5258
3646
9244
383
6143
6139
8261
7295
1488
3816
3052
2531
6510
878
6554
7523
4516
1587
5233
3338
63
2523
7090
9634
9709
9732
7835
3871
5360
1933
4691
6969
1930
287
7351
4424
6425
5611
8070
7913
9426
1121
6795
2288
8350
9700
9810
2865
7638
5042
2554
7700
3916
5995
3685
3624
5727
7872
7494
1086
9804
8537
4406
8085
8823
1757
2508
5247
3719
577
9511
9497
8049
2657
1784
6398
8708
1593
5615
2697
2986
4520
396
3253
515
433
6877
6241
8304
722
3678
4459
5610
4435
2543
4432
6191
5050
6031
9910
1978
1893
5758
26
902
7541
2775
5961
5485
8389
8658
8470
9261
5405
1722
9775
5837
4950
2367
492
2024
2396
4950
7633
6830
7492
8417
9373
8893
799
5634
870
9043
1391
7247
9944
8931
22
2257
4415
4762
914
9236
4022
6318
7309
3796
8507
8611
2514
5350
6986
4909
300
970
8091
4143
9386
7463
9388
6536
3096
257
5579
4486
7504
5522
3416
3877
7778
4182
8638
5043
9769
9012
7713
3429
2807
2571
8391
1673
7920
5376
6581
8219
6346
1023
8714
2083
8485
8101
8619
1580
4709
549
2417
8564
6070
2184
2440
200
6365
7430
1594
2485
6441
9306
2266
5599
1876
656
7271
6148
2384
204
718
5081
1226
9431
7163
6063
3883
2133
7642
8592
2681
59
7155
5103
2242
5947
1654
4959
3376
9599
3795
6168
5257
6060
1766
3484
3068
5389
9631
5451
5592
349
6883
3169
6131
4045
9231
14
2530
3225
4957
1562
3283
2111
3016
1876
4409
4669
6834
7784
620
6981
303
5876
3040
2069
9359
2459
7457
8990
7909
9400
9338
4791
2568
1820
5188
8151
1833
4069
1375
6789
5630
4657
5252
4998
6532
9660
9666
9718
3796
6637
6698
4098
2512
6089
2518
1871
8548
6326
860
2808
5725
6549
3951
4645
4720
9138
2795
6553
9558
4169
9693
1539
5177
1296
6536
1708
956
2554
7777
1103
9190
826
1552
1702
3267
422
3572
1814
6747
783
973
2472
3683
4923
3468
4754
412
6262
1306
9969
430
7351
7860
5606
8646
4395
3665
5953
6948
7794
3407
6138
4971
4959
4191
8237
1732
4114
6402
8478
4896
7375
7301
4930
2297
768
9683
9061
3381
7341
5381
162
1043
3240
5767
9688
7635
5784
1993
4582
9929
5399
7071
4899
6709
1261
3136
8440
5374
5889
6918
6621
3263
570
7902
1912
1338
3937
972
1070
7629
6352
1232
8671
5944
6998
4710
3578
9133
6702
4511
9061
2101
1582
312
8809
9194
9799
3601
4568
5687
518
7540
5302
1087
5442
7213
8776
5730
4536
9846
3358
7239
1077
2028
3182
4426
6737
3111
9911
3439
7622
5323
1891
5555
5634
7051
4748
5432
651
5667
7471
7520
9559
2772
4959
5000
9984
3734
7081
871
9931
438
8109
7359
8817
7643
8137
5553
753
4399
5343
8374
9721
3585
3928
1707
636
5028
3490
7638
7046
960
5158
6604
3731
116
7955
66
201
5035
7288
6484
5472
5397
194
4288
9391
8330
6193
143
2728
7887
4869
8801
1472
5148
507
2107
175
3996
6096
7221
4956
1253
176
5038
1368
8131
1456
7921
3165
8743
4404
4989
491
4597
9276
9881
9279
1820
24
8358
9707
4892
7158
1178
39
7664
9636
6566
8012
5731
138
9319
6984
313
4356
4703
8443
2163
2623
1608
906
3378
2948
1396
7975
8575
1277
3605
395
7652
1962
6453
2543
9120
7630
8933
3135
3617
5498
1146
5699
5635
464
2682
2300
1172
3737
742
3334
2711
8701
591
2441
1648
1987
6767
223
9615
371
6969
3618
2332
3421
2512
7803
7402
1444
938
1018
3294
2083
6716
5280
8899
5750
7579
6422
5838
8321
9755
4900
3373
6698
7340
1373
5036
4106
7947
4650
4476
4915
4619
6808
4687
7130
4610
2088
8573
1899
9457
1866
334
2524
3498
9232
4625
1076
5653
462
5748
1759
5362
9121
8456
2701
493
3491
6807
4791
4492
7634
9705
9110
793
743
6239
5403
2830
1164
3653
8638
9381
3986
1161
2878
9569
2138
306
1573
2599
6053
9684
4312
1525
8139
7013
8369
7982
171
3159
8825
7804
9215
7935
8597
9957
525
351
9138
8040
355
7775
7421
4341
5288
6650
261
7425
6955
1834
6375
9360
1517
687
7236
6007
4051
5605
3988
573
5115
2813
4728
4330
7099
3324
638
3975
26
9776
2015
381
3902
5787
1073
5541
2436
1333
9317
5743
3166
2044
5102
4682
2730
2337
689
3132
4293
1028
3704
5760
192
8431
6441
3642
8107
7078
3969
8132
3205
2335
4864
3459
8121
5936
5351
6908
3621
1020
2650
6786
3063
4103
7820
2144
2792
4860
5275
7084
2239
5330
2843
2431
3760
9283
2424
8218
2713
6392
2702
2269
8726
7565
5727
6846
9853
1078
106
3473
2097
2755
6610
1511
3210
4429
3654
6001
5640
8928
9436
7879
4257
2279
6661
4368
7913
9084
2586
6977
5476
5287
9246
553
2851
1324
3751
9055
8753
3856
8879
849
2962
5489
8711
6171
6269
2364
2171
1909
7643
1607
9787
1899
237
2799
2619
4501
1882
5204
1478
3709
490
7075
4262
9692
8398
8012
5099
7151
8219
3977
4351
1180
9465
3062
7351
5734
5425
5873
3994
9420
7479
3780
1318
4067
6578
3936
8568
4811
5491
6397
8520
5980
9823
2781
2024
8220
7144
7122
1722
5362
7450
6073
2893
6915
5486
6595
9000
7262
2468
2993
6681
6298
3124
4351
365
6053
8286
5284
863
129
8032
9382
2460
7854
8514
4483
2425
2009
7956
4147
3722
1758
6571
6615
8672
2056
3209
4023
5669
2028
7015
2350
8326
6490
6700
5042
2542
1337
6677
9756
1465
1060
5490
3925
5265
4003
4759
7689
2364
9067
8187
6085
824
1109
9051
5847
9516
2260
9869
5185
4287
3235
3886
8964
9724
6937
4005
8617
8273
681
8372
6090
8092
3861
6366
3356
4216
1124
7397
6579
190
5583
9015
7365
3044
8066
3211
2559
6677
3079
4095
963
6313
7980
6279
2388
4916
283
1004
9541
7316
9376
1982
5407
9588
8347
5115
3803
5822
2511
6733
6012
4445
5748
3376
7488
165
2939
47
6841
6017
493
4155
8682
8473
433
7421
9740
7068
8425
5632
735
4152
7613
2493
3739
5959
7607
3894
1781
117
626
4144
4562
6373
3871
2049
2889
6809
8447
9729
9178
8940
3884
4211
3764
668
1631
9855
7735
55
5487
4821
558
3099
7314
4297
5410
4920
4542
3542
5037
5167
4037
5950
7892
7907
4350
780
1068
2797
509
245
8088
744
4455
8203
7763
2437
8057
1850
2492
9895
6670
9401
9346
3983
49
1107
5255
4590
4648
291
9757
8684
2592
7648
2942
6941
4779
4009
6089
5287
605
4176
2382
1411
8730
6497
3848
3139
8346
2691
3033
1367
2091
8730
5350
2140
9836
604
6729
4483
7246
2837
9518
9837
484
2460
6777
5263
2820
2866
6901
3425
3393
5635
4835
8475
2131
8682
1613
6828
1372
997
8194
9815
9727
3543
1954
9562
498
5034
397
7743
7871
6266
3931
8354
8725
7060
9968
7897
9925
3221
1321
9669
5207
2507
8143
7337
1189
6107
4164
8912
7104
2357
5078
6830
2252
7031
2743
2749
2065
9491
6844
9935
5757
7126
4640
833
4185
960
8729
461
532
49
130
5738
8908
4624
9426
6448
731
3589
5359
4186
2297
6789
1015
4548
3819
109
3649
2235
9600
6844
8521
1708
3969
9513
2540
4506
472
1269
4966
7355
7669
1447
3092
6576
6071
2517
3023
3153
2457
4734
3690
4753
1522
1056
5653
1692
1164
5653
3927
7115
8848
8799
8822
2816
8311
1362
7321
5134
8982
8639
2488
3002
85
5579
9578
2507
4447
8952
2011
6903
37
5700
8008
7910
6755
3660
9602
7919
5664
9880
5033
4511
8678
207
3678
3341
1568
7351
8474
6901
5989
962
9902
6073
6540
5831
4932
7339
4783
6942
4241
4819
2642
2248
9081
9396
2259
8682
3666
7922
4913
5051
8784
9942
5257
8814
3282
3176
6164
1756
76
8504
2717
9977
4576
5608
5808
5859
2946
6942
2801
3539
8112
5442
5786
7192
1189
4397
2225
1207
8670
7137
6257
7454
7079
7865
2619
6712
1040
8782
8467
7467
7285
7535
7443
8212
3143
9602
4071
2440
2895
6871
5978
7359
8664
8116
4550
6204
2512
3127
7410
1181
263
18
4986
3693
7882
7604
405
8921
2737
5223
2739
21
2758
6534
4585
5900
6135
8655
4691
5382
1877
669
2740
6892
5136
3641
3095
7647
6767
6857
5179
7030
6874
6517
7074
4756
472
3830
28
3209
9053
2767
9581
1810
9300
517
4061
1786
5523
8751
3519
7399
5771
6258
642
906
9899
89
4904
6665
6945
6435
46
170
2951
3472
1277
9774
7301
1305
2982
6353
423
8915
8162
6074
9431
8574
4211
1306
7325
7730
5056
9447
3987
5698
353
237
2138
1608
6902
5434
8042
3299
5603
992
6770
6880
766
4071
4536
99
6775
1310
5365
1289
7383
1148
9862
1593
2453
3538
5674
7508
2985
9661
9557
9689
6249
1694
1296
3150
7127
9338
2801
2730
329
9570
5961
7446
9992
6848
3897
6767
8157
9261
8055
5539
6760
4268
3483
9212
7806
9157
3072
790
5169
2628
478
1417
674
1773
919
7800
7462
3719
6881
7791
9640
9193
1588
5984
6040
5484
2750
4196
